NORMAL COORDINATES
         0.0         0.0         0.0         0.0         0.0         0.0         0.0         0.0
       62.56       78.77       94.36      106.41      110.77      118.90      125.14      141.39
  0.14022E-2 -0.91935E-4  0.25243E-3 -0.97607E-4  0.16552E-3  0.54133E-3 -0.45357E-3 -0.50648E-4
 -0.13067E-3  0.55621E-3 -0.45488E-3 -0.40885E-3  0.33867E-3  0.49095E-3  0.36602E-3 -0.25741E-3
  0.45901E-4  0.11143E-2  0.16759E-2 -0.26053E-2  0.32687E-3  0.74284E-3  0.18835E-3 -0.10192E-3
  0.44538E-3 -0.23323E-3  0.72431E-4  0.34472E-3  0.17579E-3  0.48298E-3  0.34847E-4 -0.13285E-4
  0.10181E-2  0.88548E-3 -0.14397E-3 -0.10519E-2  0.35167E-3  0.62799E-3 -0.14012E-3 -0.23057E-3
  0.56064E-3  0.13409E-2 -0.75109E-3 -0.12942E-2  0.80192E-3  0.18630E-2 -0.43668E-3 -0.91594E-3
 -0.69879E-3 -0.52219E-3  0.12930E-3  0.77197E-3  0.13073E-3  0.31758E-3  0.53115E-3  0.13061E-4
  0.61169E-3  0.80268E-3 -0.13104E-3 -0.95137E-3  0.34940E-3  0.65955E-3  0.35076E-4 -0.22794E-3
  0.11624E-2  0.15768E-2 -0.29862E-2  0.61684E-3  0.85407E-3  0.15268E-2 -0.38460E-3 -0.78891E-3
 -0.74297E-3 -0.52243E-3  0.13990E-3  0.69172E-3  0.13310E-3  0.29317E-3  0.56259E-3  0.16636E-4
 -0.71619E-3  0.53725E-3 -0.15753E-3 -0.42870E-3  0.36548E-3  0.60341E-3  0.64428E-3 -0.24146E-3
  0.97812E-3  0.15569E-2 -0.29374E-2  0.11760E-2  0.48621E-3  0.24936E-3  0.28291E-3 -0.21228E-4
  0.34195E-3 -0.34712E-3  0.15158E-3  0.18917E-3  0.10799E-3  0.39111E-3  0.58162E-4  0.34159E-4
 -0.11774E-2  0.47974E-3 -0.40534E-3 -0.17118E-3  0.38781E-3  0.56852E-3  0.87178E-3 -0.25079E-3
  0.29008E-3  0.12901E-2 -0.55263E-3 -0.23627E-3  0.19165E-3 -0.28572E-3  0.72086E-3  0.38757E-3
  0.32238E-3 -0.40428E-3  0.41959E-4  0.75976E-4  0.95979E-4  0.41989E-3  0.13467E-3  0.39087E-4
 -0.11169E-2  0.51805E-3 -0.48451E-3 -0.14554E-3  0.29453E-3  0.43706E-3  0.71021E-3 -0.43351E-4
 -0.40791E-3  0.11790E-2 -0.58083E-4  0.66922E-4 -0.36970E-4 -0.97331E-3  0.11307E-2  0.69043E-3
  0.85866E-3 -0.41905E-3 -0.68803E-4 -0.16949E-3 -0.26167E-3 -0.15978E-3 -0.24398E-3  0.61803E-3
 -0.31283E-3  0.55476E-3 -0.34269E-3 -0.26584E-3 -0.73433E-4 -0.11244E-3  0.36100E-4  0.42911E-3
 -0.13760E-2 -0.45046E-4 -0.76725E-3 -0.58644E-3 -0.16900E-3  0.64965E-3  0.20183E-2  0.12543E-2
  0.27414E-3 -0.41125E-3 -0.16982E-3 -0.12169E-3  0.21569E-4  0.23501E-3  0.29505E-3  0.23534E-3
  0.34798E-3  0.60654E-3 -0.41674E-3 -0.49279E-3 -0.39133E-3 -0.71549E-3 -0.27552E-3  0.10864E-2
 -0.15420E-2  0.27828E-3 -0.29932E-3  0.27383E-4 -0.15768E-3 -0.25582E-4  0.27755E-3  0.42073E-3
 -0.31410E-3 -0.49595E-3 -0.14407E-3  0.48623E-4  0.34074E-3  0.86182E-3  0.69501E-3 -0.36344E-3
  0.17385E-3  0.45466E-3 -0.37955E-3 -0.46774E-3 -0.23106E-3 -0.40028E-3 -0.14108E-3  0.88313E-3
 -0.12469E-2  0.15087E-2  0.30543E-3  0.63307E-3 -0.30838E-4 -0.15331E-2 -0.89008E-4 -0.53457E-4
 -0.38435E-3 -0.41142E-3 -0.13443E-3  0.12540E-3  0.37524E-3  0.92730E-3  0.70102E-3 -0.41098E-3
 -0.73458E-3  0.38422E-3 -0.47209E-3 -0.28768E-3  0.15218E-3  0.29133E-3  0.45657E-3  0.18162E-3
 -0.59490E-3  0.20716E-2  0.52635E-3  0.67622E-3  0.20683E-4 -0.21205E-2  0.30601E-3  0.13626E-3
 -0.74401E-3 -0.59449E-3 -0.17131E-3  0.14043E-3  0.63391E-3  0.13959E-2  0.10866E-2 -0.73523E-3
  0.52727E-3  0.41424E-3 -0.34498E-3 -0.58523E-3 -0.39771E-3 -0.71194E-3 -0.37345E-3  0.11675E-2
 -0.14251E-2  0.22533E-2  0.50073E-3  0.96397E-3  0.62825E-4 -0.21411E-2 -0.83638E-3 -0.47310E-3
 -0.11105E-2 -0.13670E-3 -0.17469E-3  0.26595E-3  0.72017E-3  0.15164E-2  0.12080E-2 -0.81847E-3
 -0.11898E-2  0.44696E-3 -0.49421E-3 -0.25521E-3  0.36577E-3  0.67348E-3  0.78074E-3 -0.90519E-4
 -0.24861E-3  0.32548E-2  0.93769E-3  0.10868E-2  0.23416E-3 -0.30138E-2 -0.11425E-3 -0.29783E-3
  0.75650E-3 -0.12527E-3  0.48767E-4  0.25799E-3  0.18706E-3  0.54224E-3 -0.10627E-3 -0.88908E-5
  0.20220E-2  0.11156E-2 -0.32936E-4 -0.14943E-2  0.34459E-3  0.70476E-3 -0.63939E-3 -0.23493E-3
  0.76163E-3  0.15228E-2 -0.35216E-3 -0.23615E-2  0.10325E-2  0.27360E-2 -0.94782E-3 -0.14181E-2
 -0.14916E-2 -0.69456E-3  0.24147E-4  0.12409E-2  0.11813E-3  0.22960E-3  0.91335E-3  0.52475E-4
  0.11763E-2  0.95427E-3 -0.25413E-4 -0.12924E-2  0.35698E-3  0.74788E-3 -0.24533E-3 -0.24946E-3
  0.17221E-2  0.16692E-2 -0.42173E-2  0.14775E-2  0.10303E-2  0.19859E-2 -0.85787E-3 -0.11198E-2
 -0.16414E-2 -0.64171E-3 -0.20415E-4  0.93279E-3  0.16143E-3  0.20621E-3  0.10559E-2  0.36046E-4
 -0.12912E-2  0.45039E-3 -0.13817E-3 -0.30914E-3  0.36224E-3  0.57594E-3  0.92262E-3 -0.21833E-3
  0.11800E-2  0.17641E-2 -0.46563E-2  0.26006E-2  0.48253E-3 -0.20172E-3  0.53726E-3  0.18088E-3
  0.27638E-3 -0.47205E-3 -0.19412E-3 -0.19526E-3 -0.21343E-5  0.18587E-3  0.36766E-3  0.42070E-3
  0.39836E-3  0.32185E-3 -0.33435E-3 -0.47312E-3 -0.48551E-3 -0.66394E-3 -0.29576E-3  0.13213E-2
 -0.13238E-2 -0.22020E-3 -0.55235E-3 -0.26797E-3 -0.26844E-3  0.52811E-3 -0.92472E-3  0.65548E-3
 -0.18528E-3 -0.85877E-3 -0.81023E-4 -0.29540E-7  0.43740E-3  0.73155E-3  0.33290E-3  0.16749E-3
  0.18767E-3  0.17277E-3 -0.26835E-3 -0.36231E-3 -0.35257E-3 -0.39370E-3 -0.32721E-3  0.12043E-2
 -0.63885E-3  0.42777E-3  0.22837E-3  0.58552E-3  0.14324E-3  0.13852E-2 -0.16674E-2  0.25833E-2
 -0.17440E-3 -0.90859E-3 -0.10632E-3 -0.33506E-4  0.45559E-3  0.72176E-3  0.37484E-3  0.14727E-3
 -0.43676E-3 -0.38941E-3 -0.10108E-3 -0.55601E-4  0.11563E-3  0.43450E-3 -0.44847E-3  0.66358E-3
  0.17177E-3  0.28550E-3  0.11918E-3  0.28922E-3  0.12377E-3  0.94470E-3 -0.18326E-2  0.27412E-2
  0.32274E-3 -0.45994E-3 -0.28594E-3 -0.33126E-3 -0.18024E-4  0.27456E-4  0.55157E-3  0.57311E-3
 -0.64824E-3 -0.57863E-3  0.22199E-4  0.13505E-3  0.32566E-3  0.80260E-3 -0.54256E-3  0.45012E-3
  0.96184E-4 -0.55773E-3 -0.75736E-3 -0.82127E-3 -0.25921E-3 -0.18520E-3 -0.12645E-2  0.82682E-3
  0.71599E-3 -0.85963E-4 -0.41985E-3 -0.55577E-3 -0.36694E-3 -0.54124E-3  0.59729E-3  0.85508E-3
 -0.60557E-4 -0.11823E-3 -0.69199E-4 -0.99645E-4  0.10306E-3  0.22190E-4 -0.35776E-3  0.89263E-3
 -0.10963E-2 -0.12901E-2 -0.17583E-2 -0.18045E-2 -0.93768E-3 -0.68312E-3 -0.11900E-2 -0.10794E-2
  0.37334E-3 -0.43448E-3 -0.32550E-3 -0.39411E-3 -0.12884E-3 -0.38796E-4  0.60567E-3  0.71134E-3
 -0.71047E-3 -0.62198E-3  0.18763E-3  0.36602E-3  0.60507E-3  0.10279E-2 -0.53094E-3  0.61400E-4
  0.69553E-3 -0.78312E-3 -0.55513E-3 -0.72940E-3  0.22661E-3 -0.60576E-3 -0.25944E-3  0.49660E-3
 -0.19195E-3 -0.52299E-3 -0.17974E-3 -0.11076E-3 -0.30825E-3  0.76070E-3  0.12629E-3  0.83707E-3
 -0.46606E-3 -0.61398E-3  0.13410E-3  0.24619E-3  0.87520E-3  0.63113E-3 -0.34383E-3  0.16352E-4
  0.45707E-3 -0.11635E-2 -0.48763E-3 -0.77054E-3  0.27912E-2 -0.13365E-2 -0.15503E-3  0.60023E-3
 -0.21475E-3 -0.55882E-3 -0.16778E-3 -0.10097E-3 -0.14476E-3  0.74054E-3  0.11917E-3  0.84828E-3
  0.29851E-3 -0.47323E-3 -0.62831E-4 -0.13811E-3  0.98252E-3 -0.40966E-3  0.37034E-3 -0.10149E-3
  0.39384E-3 -0.12918E-2  0.11419E-3  0.22125E-4  0.30175E-2 -0.55107E-3  0.68306E-3  0.17676E-3
  0.45950E-3 -0.45965E-3 -0.33764E-3 -0.42783E-3 -0.10173E-3 -0.10744E-3  0.75175E-3  0.77317E-3
  0.55638E-3 -0.38990E-3 -0.13273E-3 -0.26511E-3  0.86522E-3 -0.70820E-3  0.58211E-3 -0.11986E-3
  0.63177E-3 -0.97978E-3  0.49963E-3  0.64254E-3  0.56117E-3  0.68754E-3  0.12918E-2 -0.33087E-3
  0.99623E-3 -0.34021E-3 -0.48960E-3 -0.71645E-3 -0.50336E-4 -0.86814E-3  0.11967E-2  0.68313E-3
 -0.16255E-3 -0.41811E-3  0.31101E-4  0.56657E-4  0.73669E-3  0.15243E-3 -0.46173E-4 -0.57920E-4
  0.10818E-2 -0.57646E-3  0.15596E-3  0.27697E-3 -0.21339E-2  0.90415E-3  0.98051E-3 -0.16589E-3
 -0.58218E-3 -0.11649E-2  0.26939E-4  0.18222E-3  0.97501E-3  0.11736E-2  0.18468E-3  0.37829E-4
  0.43497E-3  0.42912E-3 -0.31216E-3 -0.44336E-3 -0.69398E-3 -0.65641E-3 -0.25102E-3  0.13608E-2
 -0.52609E-3  0.10936E-2  0.94760E-3  0.14427E-2  0.43507E-3  0.20131E-2 -0.18174E-2  0.34314E-2
 -0.51875E-3 -0.12936E-2  0.17373E-4  0.17617E-3  0.84881E-3  0.12496E-2  0.26994E-3 -0.84782E-4
 -0.65713E-3 -0.62463E-3 -0.29507E-4  0.66258E-4  0.32702E-3  0.74739E-3 -0.48127E-3  0.45191E-3
  0.82526E-3  0.71035E-3  0.75557E-3  0.97059E-3  0.65969E-3  0.14328E-2 -0.20161E-2  0.41733E-2
 -0.70001E-3 -0.65394E-3 -0.65235E-4  0.13667E-3 -0.43205E-3  0.14820E-2 -0.28451E-3  0.86834E-3
 -0.78694E-3 -0.74265E-3  0.18620E-3  0.37125E-3  0.94949E-3  0.10287E-2 -0.61741E-3  0.79544E-4
  0.24109E-3 -0.11573E-2 -0.68588E-3 -0.11134E-2  0.42288E-2 -0.21494E-2 -0.73376E-3  0.87332E-3
 -0.83388E-3 -0.61562E-3  0.71362E-4  0.29494E-3 -0.74455E-4  0.15075E-2 -0.46432E-3  0.80116E-3
  0.72109E-3 -0.46232E-3 -0.21458E-3 -0.40086E-3  0.10846E-2 -0.97497E-3  0.78617E-3 -0.76778E-4
  0.10958E-3 -0.15157E-2  0.30610E-3  0.20470E-3  0.47924E-2 -0.82174E-3  0.67430E-3  0.89684E-4
  0.63167E-3 -0.46001E-3 -0.36556E-3 -0.49026E-3 -0.56097E-4 -0.30467E-3  0.93121E-3  0.74113E-3
  0.11161E-2 -0.35728E-3 -0.25656E-3 -0.51659E-3  0.10149E-2 -0.14166E-2  0.11033E-2 -0.20389E-3
  0.68636E-3 -0.10070E-2  0.94374E-3  0.12553E-2  0.14127E-3  0.14053E-2  0.19809E-2 -0.74931E-3
         0.0         0.0         0.0         0.0         0.0         0.0         0.0         0.0
      191.51      207.93      247.46      328.98      338.67      348.31      401.60      416.84
  0.16240E-2  0.13326E-3  0.37441E-3  0.97414E-4 -0.96436E-3 -0.12254E-2  0.12881E-3  0.64436E-3
 -0.27488E-3  0.24231E-3 -0.17945E-4  0.62734E-3  0.15959E-3  0.10265E-2 -0.11781E-2 -0.37123E-3
  0.47439E-4  0.40272E-3 -0.70117E-3 -0.52594E-3 -0.39851E-3  0.36724E-3  0.23542E-3 -0.99794E-4
  0.14287E-2  0.42122E-3  0.36321E-3  0.56918E-3 -0.90846E-3 -0.42988E-3 -0.54821E-3  0.43111E-3
 -0.18911E-4  0.75118E-4 -0.22358E-3 -0.19981E-3 -0.45794E-4 -0.42819E-4  0.23939E-3  0.28122E-4
 -0.58122E-3 -0.15705E-2  0.21232E-2  0.13082E-2  0.91757E-3 -0.50636E-3 -0.66489E-3  0.10467E-3
  0.11373E-2  0.66749E-3  0.35920E-3  0.98286E-3 -0.69730E-3  0.36805E-3 -0.10415E-2  0.17972E-3
 -0.15819E-3  0.97084E-4 -0.14673E-3  0.13337E-4  0.11182E-3  0.30813E-3 -0.23644E-4 -0.11179E-3
 -0.32257E-3 -0.79669E-3  0.91201E-3  0.24976E-3  0.11898E-3 -0.14846E-3  0.83011E-4  0.25940E-4
  0.10914E-2  0.64302E-3  0.34204E-3  0.90554E-3 -0.57424E-3  0.37183E-3 -0.94667E-3  0.86813E-4
 -0.44984E-3  0.36491E-3  0.90552E-5  0.66333E-3  0.34379E-3  0.12169E-2 -0.65872E-3 -0.34515E-3
  0.12327E-3  0.12377E-2 -0.19120E-2 -0.12558E-2 -0.80787E-3  0.80596E-3  0.47974E-3 -0.24312E-3
  0.11405E-2  0.23731E-3  0.24550E-3  0.12930E-3 -0.28541E-3 -0.16693E-3 -0.36095E-4 -0.63879E-4
 -0.51288E-3  0.47148E-3 -0.78297E-5  0.68937E-3  0.21174E-3  0.12222E-2 -0.63082E-3 -0.26308E-3
  0.41427E-3  0.18236E-2 -0.21116E-2 -0.46756E-3 -0.46622E-3  0.50370E-3 -0.43739E-3  0.90520E-5
  0.82202E-3  0.14463E-3  0.93606E-4 -0.90529E-4  0.31594E-3  0.53841E-3 -0.43891E-6 -0.65836E-3
 -0.22147E-4  0.34513E-3 -0.19406E-3 -0.41440E-3 -0.50809E-3 -0.97320E-3  0.10112E-2  0.61660E-3
  0.44253E-3  0.14750E-2 -0.73948E-3  0.11388E-2  0.64231E-3 -0.53582E-3 -0.10975E-2  0.35458E-3
  0.96275E-3 -0.45331E-3 -0.60887E-4 -0.62120E-3  0.14610E-2  0.87481E-3 -0.76969E-3 -0.21215E-2
  0.25868E-3 -0.23571E-3 -0.42591E-3 -0.11073E-2  0.14977E-3 -0.15242E-2  0.43991E-3 -0.24308E-3
  0.13804E-2 -0.95775E-4  0.98444E-3  0.24379E-3  0.41761E-3 -0.56366E-3  0.27456E-3 -0.19803E-3
  0.23119E-3 -0.36070E-4 -0.20133E-3 -0.52567E-3  0.99751E-3  0.51455E-3  0.42563E-3 -0.52097E-3
  0.88403E-3 -0.54522E-3 -0.20339E-3 -0.52309E-3  0.63280E-3 -0.81463E-3 -0.83582E-3 -0.93211E-3
  0.15527E-3 -0.17957E-2  0.83052E-3 -0.18489E-2 -0.90374E-3  0.61222E-3  0.36630E-3 -0.31578E-3
  0.20867E-3  0.47776E-3 -0.14849E-3 -0.42125E-3  0.35082E-3  0.52960E-3  0.11881E-2 -0.16278E-3
  0.87334E-3 -0.36639E-3 -0.25616E-3 -0.64013E-3  0.40586E-3 -0.10624E-2 -0.83966E-3 -0.95717E-3
 -0.85861E-3 -0.14169E-2  0.13359E-2 -0.10943E-2  0.20305E-4  0.18136E-3  0.12307E-2 -0.71225E-3
  0.24338E-3  0.55050E-3 -0.84200E-4 -0.28750E-3  0.14889E-3  0.58208E-3  0.13304E-2 -0.18641E-4
  0.32554E-3  0.11756E-3 -0.24785E-3 -0.67392E-3 -0.42565E-3 -0.11739E-2  0.61601E-3  0.22063E-3
 -0.65856E-3  0.56348E-3  0.39258E-3  0.14231E-2  0.98707E-3 -0.94025E-3 -0.54224E-3  0.30472E-3
  0.12829E-3  0.85615E-3 -0.11088E-3 -0.40816E-3 -0.19844E-3  0.64000E-3  0.20241E-2  0.43833E-3
  0.10132E-2 -0.60155E-3 -0.29220E-3 -0.67419E-3  0.81166E-3 -0.11320E-2 -0.15671E-2 -0.14200E-2
 -0.17012E-2 -0.22001E-2  0.16873E-2 -0.18175E-2 -0.17502E-3  0.65120E-3  0.22094E-2 -0.10742E-2
 -0.29912E-5  0.10535E-2 -0.81166E-4 -0.30252E-3 -0.70597E-3 -0.10159E-3  0.29537E-2  0.13881E-2
  0.19933E-3  0.38049E-3 -0.23522E-3 -0.76378E-3 -0.95135E-3 -0.15599E-2  0.15877E-2  0.10263E-2
 -0.13517E-2  0.13221E-2  0.16257E-3  0.26685E-2  0.11675E-2 -0.12482E-2 -0.73953E-3  0.10604E-2
  0.14908E-2  0.35887E-3  0.33921E-3  0.39417E-3 -0.97157E-3 -0.67481E-3 -0.27249E-3  0.52501E-3
  0.14454E-3 -0.21139E-3 -0.27049E-3 -0.81615E-3 -0.17621E-3 -0.97561E-3  0.11987E-2  0.34459E-3
 -0.11627E-2 -0.31068E-2  0.40163E-2  0.22823E-2  0.18739E-2 -0.12532E-2 -0.80551E-3  0.29931E-3
  0.10142E-2  0.93136E-3  0.31967E-3  0.12898E-2 -0.65197E-3  0.97536E-3 -0.13888E-2  0.24458E-4
 -0.68355E-4 -0.94047E-4 -0.11224E-3 -0.19810E-3  0.66057E-4 -0.12416E-3  0.22513E-3  0.14748E-4
 -0.39409E-3 -0.16223E-2  0.19698E-2  0.61455E-3  0.22714E-3 -0.82979E-3  0.26347E-3  0.32197E-3
  0.89559E-3  0.89450E-3  0.35357E-3  0.13895E-2 -0.43531E-3  0.11775E-2 -0.16395E-2 -0.17331E-3
 -0.56195E-3  0.47546E-3  0.71692E-4  0.10086E-2  0.43204E-3  0.16953E-2 -0.11333E-2 -0.47601E-3
  0.19299E-3  0.19086E-2 -0.28630E-2 -0.19212E-2 -0.10412E-2  0.13172E-2  0.10836E-2 -0.45627E-3
 -0.21684E-3 -0.11804E-3 -0.17438E-3 -0.27741E-3  0.89371E-3  0.70839E-3  0.69492E-3  0.42047E-3
  0.59345E-3 -0.53133E-3  0.28283E-3  0.66226E-3 -0.18512E-3  0.82228E-3  0.18933E-3  0.10336E-2
  0.15334E-3 -0.17060E-2 -0.69565E-3 -0.13349E-2 -0.13110E-2  0.80251E-3 -0.13461E-2  0.60163E-3
 -0.10784E-2  0.27636E-3 -0.23469E-3 -0.43818E-3  0.49559E-3  0.19476E-3  0.78359E-3 -0.17849E-3
  0.32441E-3 -0.39208E-3  0.30539E-3  0.71174E-3 -0.55233E-3  0.85418E-3  0.29935E-3  0.98245E-3
 -0.14314E-3 -0.11318E-2 -0.12343E-2 -0.64390E-4 -0.74903E-3  0.67712E-3 -0.12735E-2  0.94779E-3
 -0.12319E-2  0.39062E-3 -0.21086E-3 -0.42751E-3  0.52206E-3 -0.68521E-4  0.77546E-3 -0.32965E-3
 -0.40482E-3  0.24860E-3  0.33080E-3  0.42849E-3 -0.11437E-2  0.34201E-3  0.45076E-3 -0.64501E-3
 -0.45939E-3  0.88433E-3 -0.35368E-3  0.16433E-2  0.88144E-3 -0.42915E-3  0.13745E-2 -0.67652E-3
 -0.86861E-3 -0.11654E-3 -0.20922E-3 -0.14533E-3  0.55104E-3 -0.63520E-4  0.18946E-3  0.61456E-3
 -0.56243E-3  0.52426E-3  0.29123E-3  0.20817E-3 -0.92367E-3  0.10530E-3  0.43652E-3 -0.10196E-2
 -0.33341E-3  0.16714E-2  0.64881E-3  0.81207E-3  0.91736E-3 -0.54211E-3  0.15170E-2 -0.90538E-3
 -0.61263E-4 -0.61791E-3 -0.24703E-3 -0.24886E-4  0.13777E-2  0.83558E-3  0.57190E-3  0.22628E-2
  0.10648E-3  0.67851E-4  0.57293E-3  0.58995E-3 -0.10508E-2  0.11061E-2  0.91941E-3 -0.36051E-4
  0.34408E-3 -0.64267E-4 -0.88285E-3  0.78047E-3 -0.19665E-4 -0.22238E-3 -0.68594E-4  0.14835E-3
 -0.11328E-2 -0.99545E-4 -0.83510E-4  0.73846E-4 -0.26302E-3 -0.37482E-3 -0.16352E-3  0.18820E-4
 -0.38204E-3  0.52284E-3 -0.18342E-3 -0.59023E-3  0.10438E-2 -0.62632E-3 -0.54956E-3  0.50891E-3
 -0.36755E-3  0.18162E-2  0.18777E-2 -0.10333E-2  0.13720E-3  0.27669E-3  0.18219E-3 -0.12057E-4
 -0.15473E-2  0.33058E-3 -0.11893E-3 -0.20675E-3 -0.19342E-4 -0.11541E-2 -0.10568E-2  0.15972E-3
 -0.18755E-3  0.34101E-3 -0.18293E-3 -0.57732E-3  0.10709E-2 -0.48884E-3 -0.51456E-3  0.64875E-3
 -0.30371E-4  0.10861E-2  0.16633E-2 -0.15485E-2 -0.31549E-3  0.51673E-3 -0.95829E-3  0.71189E-3
 -0.15758E-2  0.31418E-3 -0.14664E-3 -0.21829E-3 -0.67147E-4 -0.12996E-2 -0.12659E-2  0.13338E-3
  0.11522E-3 -0.30917E-3 -0.19784E-3 -0.21227E-4  0.19300E-3  0.27829E-4  0.66332E-4  0.10876E-3
  0.23507E-3 -0.11718E-2 -0.89149E-3  0.41007E-3 -0.49085E-4 -0.15210E-3 -0.13543E-3  0.67987E-4
 -0.13994E-2 -0.20259E-3 -0.15064E-3  0.25644E-3 -0.83718E-3 -0.93589E-3 -0.81843E-3 -0.37139E-3
  0.16785E-3 -0.44237E-3 -0.13673E-3  0.17173E-3 -0.17085E-3  0.18512E-3  0.27045E-3 -0.15645E-3
  0.12359E-3 -0.19122E-2 -0.20461E-2  0.15290E-2  0.42033E-3 -0.44593E-3  0.11266E-2 -0.65467E-3
 -0.11329E-2 -0.54194E-3 -0.12362E-4  0.57546E-3 -0.14976E-2 -0.39307E-3 -0.25366E-3 -0.80487E-3
 -0.79753E-4  0.15608E-4 -0.22920E-3 -0.37421E-3  0.70178E-3 -0.49896E-3 -0.68660E-3  0.63242E-3
 -0.44645E-3  0.32062E-3  0.52546E-3 -0.70259E-3 -0.10674E-3  0.24741E-3 -0.48406E-3  0.37584E-3
 -0.15880E-2  0.51429E-3 -0.37604E-3 -0.58409E-3  0.22726E-3 -0.21306E-3  0.84543E-3 -0.10357E-2
  0.70234E-3 -0.64226E-3  0.35334E-3  0.78668E-3 -0.39975E-3  0.11962E-2  0.19522E-3  0.16821E-2
  0.19835E-3 -0.18910E-2 -0.15903E-2 -0.61555E-3 -0.75947E-3  0.11896E-2 -0.19127E-2  0.15961E-2
 -0.17051E-2  0.88130E-3 -0.11109E-3 -0.52679E-3  0.33282E-4 -0.33239E-3  0.10878E-2 -0.16354E-2
 -0.67794E-3  0.53561E-3  0.39992E-3  0.33449E-3 -0.14580E-2  0.20300E-3  0.63472E-3 -0.14261E-2
 -0.94856E-3  0.16328E-2 -0.67734E-4  0.24947E-2  0.13000E-2 -0.10256E-2  0.21670E-2 -0.14621E-2
 -0.17458E-2  0.61181E-3 -0.29186E-3 -0.54098E-3  0.70010E-3 -0.16317E-2 -0.15805E-2  0.63949E-3
 -0.33784E-3  0.55359E-3 -0.24463E-3 -0.83455E-3  0.14971E-2 -0.81279E-3 -0.92983E-3  0.96182E-3
  0.17010E-3  0.16707E-2  0.24555E-2 -0.20029E-2 -0.75905E-3  0.66769E-3 -0.14804E-2  0.76871E-3
 -0.15317E-2  0.66664E-3 -0.25867E-3 -0.55449E-3  0.71086E-3 -0.15640E-2 -0.15573E-2  0.52769E-3
  0.12242E-3 -0.62254E-3 -0.18270E-3  0.25639E-3 -0.34657E-3  0.20614E-3  0.27640E-3 -0.18739E-3
  0.68941E-3 -0.20708E-2 -0.18145E-2  0.10368E-2  0.56752E-4 -0.34534E-3 -0.46639E-4 -0.81067E-4
 -0.13373E-2 -0.37395E-3 -0.19614E-3  0.41914E-3 -0.10274E-2 -0.81149E-3 -0.61215E-3 -0.55855E-3
  0.38760E-3 -0.87840E-3 -0.12846E-3  0.59980E-3 -0.84647E-3  0.66312E-3  0.91484E-3 -0.73246E-3
  0.32317E-3 -0.34875E-2 -0.38816E-2  0.30320E-2  0.75250E-3 -0.86219E-3  0.21658E-2 -0.14028E-2
         0.0         0.0         0.0         0.0         0.0         0.0         0.0         0.0
      425.15      501.85      535.03      559.80      605.08      634.23      652.35      665.33
  0.16593E-3 -0.41106E-3  0.72458E-5  0.19686E-3  0.15997E-3 -0.92672E-4  0.24100E-4 -0.64400E-4
  0.62648E-3 -0.10292E-2 -0.34748E-4  0.52487E-3  0.99909E-4  0.61993E-3  0.89946E-3 -0.86776E-3
  0.64096E-3  0.32866E-4 -0.84226E-3 -0.59252E-3 -0.45641E-3  0.19688E-3  0.27542E-4 -0.11068E-3
  0.66596E-3 -0.91221E-3 -0.35596E-3  0.16739E-3  0.52957E-4  0.21133E-3  0.34571E-3 -0.36951E-3
 -0.85695E-4  0.29868E-3 -0.68373E-4 -0.25029E-3 -0.13658E-3 -0.22009E-3 -0.40101E-3  0.33938E-3
 -0.11148E-2 -0.18165E-3  0.18604E-2  0.15513E-2  0.17578E-2 -0.15228E-2 -0.30526E-3 -0.93137E-3
  0.85621E-3 -0.88304E-3 -0.39437E-3  0.10847E-4 -0.81258E-4  0.10888E-3  0.50422E-5  0.96167E-5
 -0.79326E-4  0.28860E-3  0.48145E-4 -0.22521E-3 -0.16644E-3 -0.17915E-3 -0.48741E-3  0.50540E-3
  0.93532E-4  0.13593E-3 -0.12400E-2 -0.13138E-2 -0.20411E-2  0.21233E-2  0.46949E-3  0.14895E-2
  0.74398E-3 -0.68292E-3 -0.26053E-3  0.63871E-4  0.51767E-4 -0.11109E-3 -0.98982E-4 -0.31699E-5
  0.18009E-3  0.22421E-3 -0.10296E-3 -0.38960E-3 -0.27821E-3 -0.19039E-3 -0.62616E-3  0.75366E-3
  0.10614E-2  0.91936E-4 -0.53410E-3 -0.62208E-4  0.95248E-3 -0.16197E-2 -0.44850E-3 -0.14434E-2
  0.74600E-4  0.33737E-3  0.68335E-4 -0.15954E-3 -0.26051E-4 -0.25870E-3 -0.38024E-3  0.38238E-3
  0.38196E-3  0.81596E-4 -0.29124E-3 -0.35902E-3 -0.13260E-3 -0.37227E-3 -0.54115E-3  0.32718E-3
 -0.20034E-3 -0.55760E-3  0.22884E-2  0.20664E-2  0.14637E-2  0.26416E-3  0.57883E-3  0.12238E-2
 -0.12627E-3  0.95317E-3  0.30186E-3 -0.24207E-3 -0.16249E-4 -0.25760E-3 -0.35165E-3  0.39233E-3
 -0.32473E-3  0.46051E-3  0.56863E-4 -0.87455E-4  0.24241E-3 -0.56551E-3 -0.40816E-3  0.38132E-3
 -0.20144E-2 -0.21687E-3  0.20889E-2  0.64684E-3 -0.15518E-2  0.19695E-2 -0.16812E-3  0.14174E-2
 -0.23545E-3  0.61535E-3  0.46164E-4 -0.16629E-3 -0.23833E-4 -0.53575E-5 -0.67411E-5 -0.26983E-4
 -0.80625E-3 -0.51598E-3  0.15841E-4  0.26883E-3 -0.24296E-3  0.87937E-3  0.86368E-3 -0.10246E-2
  0.13042E-3  0.20905E-3 -0.76927E-3 -0.25510E-3  0.50699E-3 -0.28956E-3  0.28442E-3 -0.11410E-3
 -0.70450E-3  0.37793E-3  0.95781E-4  0.82744E-5 -0.95290E-4  0.20354E-3  0.42172E-3 -0.53629E-3
  0.96721E-4 -0.51825E-3 -0.44654E-3 -0.60276E-4  0.22105E-3 -0.53291E-3 -0.46101E-3  0.57223E-3
  0.12944E-2 -0.10285E-2  0.18838E-2  0.96441E-3 -0.21546E-2  0.86587E-3 -0.16541E-2 -0.10721E-2
 -0.87024E-3  0.18852E-2  0.93549E-3 -0.16629E-3 -0.15308E-3  0.14966E-3  0.95519E-4  0.10881E-4
 -0.10056E-3 -0.62224E-3 -0.21302E-3 -0.44688E-4 -0.37465E-4 -0.58775E-3 -0.61156E-3  0.62869E-3
  0.17446E-2  0.16637E-3 -0.35771E-3  0.97671E-3  0.16233E-2  0.73191E-3  0.10365E-2  0.12649E-2
 -0.77484E-3  0.21047E-2  0.91171E-3 -0.23546E-3 -0.89393E-4  0.10477E-3 -0.37419E-4  0.41442E-4
 -0.23384E-3  0.16944E-3  0.23138E-3  0.87682E-4  0.22263E-3 -0.52811E-3 -0.51222E-3  0.82052E-3
 -0.15119E-2  0.38545E-3 -0.96576E-3 -0.13989E-2 -0.75348E-3 -0.11167E-2 -0.48296E-3 -0.14564E-2
 -0.96302E-3  0.29765E-2  0.17420E-2 -0.13837E-3 -0.15440E-3  0.22801E-3 -0.10368E-4  0.47004E-3
 -0.10391E-3 -0.14751E-2 -0.62392E-3 -0.54719E-4 -0.26192E-3 -0.55970E-3 -0.52215E-3  0.19228E-3
  0.31143E-2  0.93920E-3 -0.15715E-2  0.12066E-2  0.49790E-2 -0.48198E-3  0.25897E-2  0.38573E-2
 -0.13051E-2  0.30962E-2  0.11760E-2 -0.48390E-3 -0.11420E-3  0.71218E-4 -0.20793E-3  0.41919E-4
 -0.50221E-3  0.75840E-3  0.50628E-3  0.23067E-4  0.19189E-3 -0.42565E-3 -0.52411E-3  0.90663E-3
 -0.23076E-2  0.11936E-2 -0.28357E-2 -0.34044E-2 -0.73977E-4 -0.46907E-2 -0.15683E-2 -0.28754E-2
  0.53756E-3 -0.71618E-3 -0.38435E-3  0.26993E-4 -0.24839E-4  0.16825E-3  0.19853E-3 -0.17229E-3
 -0.62353E-3  0.10264E-2  0.15529E-4 -0.59151E-3 -0.27338E-3 -0.53376E-3 -0.94639E-3  0.99939E-3
 -0.24139E-2  0.21523E-3  0.32970E-2  0.23306E-2  0.26614E-2 -0.27226E-2 -0.12437E-2 -0.26211E-3
  0.11184E-2 -0.89571E-3 -0.67865E-3 -0.29950E-3 -0.37614E-3  0.20722E-3 -0.22568E-3  0.38336E-3
 -0.27520E-3  0.29542E-3  0.24357E-3 -0.24927E-4  0.37162E-4 -0.20013E-3 -0.28736E-3  0.26907E-3
 -0.20153E-3  0.21546E-3 -0.21766E-2 -0.24452E-2 -0.39445E-2  0.40365E-2  0.75457E-3  0.26445E-2
  0.12434E-2 -0.10413E-2 -0.46540E-3  0.12716E-3  0.27094E-3 -0.50376E-3 -0.26304E-3 -0.52061E-4
  0.45322E-3 -0.39578E-4 -0.20518E-3 -0.34927E-3 -0.15947E-3 -0.30525E-3 -0.62886E-3  0.79205E-3
  0.16333E-2  0.10060E-2 -0.15366E-2 -0.10565E-2  0.14077E-2 -0.44535E-2 -0.24230E-2 -0.31678E-2
 -0.61784E-3 -0.38161E-3 -0.16141E-3  0.14458E-3 -0.10019E-3  0.16531E-3  0.42625E-3 -0.54803E-3
  0.61959E-3  0.51583E-3  0.29884E-3 -0.11354E-3  0.68936E-4 -0.69868E-4 -0.50973E-3  0.63368E-3
 -0.92553E-3 -0.84435E-3  0.13401E-2 -0.11933E-2 -0.17999E-2 -0.21280E-2 -0.79665E-3 -0.26095E-3
 -0.13244E-2 -0.19746E-2 -0.97499E-3  0.24252E-3  0.26984E-3 -0.93053E-4  0.24565E-3  0.40324E-4
  0.35831E-3  0.42940E-3  0.28452E-3 -0.25554E-3  0.26587E-3 -0.24363E-4 -0.43080E-3  0.10104E-2
 -0.16058E-2  0.36543E-3 -0.78077E-3 -0.89442E-3  0.16284E-2  0.23179E-3  0.13682E-2  0.89726E-3
 -0.11534E-2 -0.20988E-2 -0.10338E-2  0.47334E-3  0.44291E-4 -0.21032E-3 -0.52001E-4 -0.73181E-4
 -0.64627E-3 -0.37401E-3 -0.13494E-3 -0.14834E-3  0.30136E-3 -0.12660E-3 -0.42508E-3  0.98331E-3
  0.10389E-2  0.42178E-3 -0.45907E-3  0.16584E-2 -0.58534E-3  0.63504E-3 -0.14570E-2 -0.98716E-3
 -0.10488E-4 -0.84871E-3 -0.32796E-3  0.13191E-3  0.33418E-4 -0.25161E-3 -0.35450E-3  0.56847E-3
 -0.78764E-3 -0.50938E-3 -0.31111E-3  0.99769E-4  0.15759E-3 -0.73897E-4 -0.40505E-3  0.54569E-3
  0.13858E-2 -0.11461E-2  0.16283E-2 -0.97024E-3 -0.14974E-2 -0.20597E-2  0.21976E-2  0.76140E-3
  0.38254E-3 -0.54743E-3 -0.62844E-4  0.14354E-3 -0.12614E-3 -0.48530E-4 -0.44433E-4 -0.58731E-4
 -0.57337E-3  0.28760E-3  0.36122E-3  0.10568E-4 -0.37642E-3  0.23356E-3  0.92593E-3 -0.13104E-2
 -0.16047E-3  0.41640E-3 -0.56426E-3  0.37463E-3  0.42660E-3  0.52584E-3 -0.13942E-3 -0.11772E-3
  0.12715E-3 -0.23366E-3 -0.89742E-4  0.12882E-4  0.52167E-4 -0.14700E-3 -0.43500E-3  0.57350E-3
  0.60960E-3  0.92462E-4 -0.49532E-5  0.10849E-3 -0.57619E-4 -0.11608E-3 -0.61098E-3  0.52015E-3
  0.48038E-4 -0.12182E-2  0.14252E-2 -0.26149E-2  0.12128E-2  0.25404E-3  0.27431E-3  0.88869E-3
  0.96863E-3  0.72612E-3  0.39570E-3 -0.29326E-3  0.95214E-4  0.15156E-3 -0.16068E-3  0.27615E-5
  0.59507E-3  0.12992E-3 -0.11292E-3  0.35755E-3 -0.22930E-3 -0.26186E-3 -0.91784E-3  0.76440E-3
 -0.67050E-3  0.29870E-3 -0.49093E-3 -0.40494E-5  0.94055E-3  0.12778E-2 -0.16711E-2 -0.86663E-3
  0.11242E-2  0.10381E-2  0.41111E-3 -0.93798E-4 -0.14385E-3 -0.11304E-4 -0.28456E-4  0.14790E-4
 -0.19949E-4 -0.19228E-3 -0.17262E-3  0.26020E-3 -0.14957E-3 -0.27638E-3 -0.61596E-3  0.73151E-3
  0.66020E-4  0.72045E-3 -0.73045E-3  0.16582E-2 -0.14957E-2 -0.14888E-2  0.18120E-2  0.86387E-3
  0.66168E-3  0.83080E-3  0.47119E-3 -0.34351E-3  0.47277E-4  0.23017E-3  0.46270E-3 -0.61081E-3
 -0.24341E-3 -0.28319E-3 -0.15587E-3  0.12912E-3 -0.96934E-5 -0.10573E-3 -0.50693E-3  0.47041E-3
  0.58923E-3 -0.11053E-2  0.12559E-2 -0.21491E-2  0.13616E-2  0.11735E-2 -0.11909E-2 -0.64959E-3
 -0.59240E-4  0.37881E-3  0.70656E-4 -0.63737E-5 -0.22697E-4  0.15033E-4  0.40959E-4 -0.17211E-4
  0.79718E-3  0.60797E-3  0.61516E-3 -0.64346E-3  0.17076E-3  0.36021E-3  0.11589E-2 -0.11221E-2
 -0.37175E-3  0.33252E-3 -0.57881E-3  0.81972E-3 -0.34321E-3 -0.18687E-3  0.16832E-3 -0.67346E-4
 -0.20150E-2 -0.31882E-2 -0.15057E-2  0.46093E-4  0.74552E-3 -0.12802E-3  0.16564E-3  0.42994E-3
  0.74974E-3  0.12899E-2  0.63072E-3 -0.26244E-3  0.11724E-3  0.84035E-4 -0.23266E-3  0.83575E-3
 -0.24826E-2  0.13832E-2 -0.11667E-2 -0.14644E-2  0.36047E-2  0.27612E-2  0.30976E-2  0.98010E-3
 -0.20029E-2 -0.28142E-2 -0.16010E-2  0.95093E-3 -0.14523E-3 -0.33780E-3 -0.34814E-3 -0.37813E-3
 -0.12102E-2 -0.84926E-3 -0.47007E-3  0.76836E-4  0.21007E-3 -0.22150E-3 -0.53488E-3  0.82112E-3
  0.19866E-2  0.13279E-2 -0.15414E-2  0.38551E-2 -0.37612E-3  0.27418E-2 -0.58380E-2 -0.17001E-2
  0.16003E-2  0.11046E-2  0.63104E-3 -0.52863E-3  0.16868E-3  0.17536E-3 -0.78497E-4  0.13276E-3
  0.10135E-2  0.46626E-3 -0.42833E-5  0.32312E-3 -0.25295E-3 -0.28032E-3 -0.90805E-3  0.82826E-3
 -0.80398E-3  0.11204E-2 -0.77444E-3  0.90495E-3  0.44736E-3  0.16400E-2 -0.23788E-2 -0.25117E-2
  0.15467E-2  0.12427E-2  0.30758E-3  0.40427E-3 -0.59479E-3 -0.47265E-3 -0.46943E-3  0.70299E-3
 -0.30453E-3 -0.28653E-3 -0.16125E-3  0.87445E-4  0.38406E-5 -0.11701E-3 -0.22398E-3  0.35988E-3
  0.31508E-3  0.14472E-2 -0.13399E-2  0.35988E-2 -0.34871E-2 -0.34091E-2  0.33380E-2  0.19509E-2
  0.47622E-3  0.65880E-3  0.37322E-3 -0.25227E-3  0.28756E-4  0.15799E-3  0.19924E-3 -0.36459E-3
 -0.96247E-3 -0.81794E-3 -0.60634E-3  0.57316E-3 -0.12944E-3 -0.37843E-3 -0.13504E-2  0.13258E-2
  0.11603E-2 -0.17933E-2  0.21656E-2 -0.33542E-2  0.18154E-2  0.12891E-2 -0.18502E-2 -0.57594E-4
         0.0         0.0         0.0         0.0         0.0         0.0         0.0         0.0
      687.22      692.66      696.77      709.93      735.76      751.38      790.90      797.95
 -0.20936E-5 -0.84033E-4 -0.42124E-4  0.28619E-4 -0.41185E-4 -0.11563E-3  0.32738E-3  0.35771E-5
 -0.34030E-3 -0.15252E-2  0.66278E-3  0.61238E-4 -0.13729E-2 -0.58841E-3 -0.11788E-3  0.13004E-4
 -0.25546E-3 -0.30364E-3 -0.16129E-3  0.60583E-4 -0.70410E-4 -0.22297E-4 -0.14973E-3 -0.12836E-5
 -0.15928E-3 -0.52006E-3  0.15139E-3  0.97270E-4 -0.35775E-3  0.18583E-4 -0.92347E-3 -0.11847E-4
  0.86435E-4  0.65394E-3 -0.33730E-3 -0.19983E-4  0.70271E-3  0.32646E-3 -0.99539E-4 -0.13614E-4
 -0.68662E-3 -0.82879E-4 -0.18931E-3 -0.12025E-4  0.37092E-3  0.51839E-3  0.24236E-2  0.90060E-5
  0.49030E-4  0.56034E-3 -0.68533E-4 -0.43367E-4  0.90838E-3  0.77926E-3 -0.23165E-3 -0.20768E-4
  0.16597E-3  0.11491E-2 -0.37529E-3 -0.10554E-3  0.12210E-2  0.73438E-3  0.25393E-4 -0.13067E-4
  0.12201E-2  0.31569E-3  0.45989E-3 -0.41567E-4 -0.46872E-3 -0.55695E-3  0.64552E-3  0.14687E-4
 -0.27954E-5  0.29956E-3 -0.16052E-3  0.44456E-7  0.50598E-3  0.26616E-3 -0.22104E-3 -0.15803E-4
  0.41469E-3  0.16234E-2 -0.36274E-3 -0.14020E-3  0.14763E-2  0.80054E-3  0.47821E-3 -0.82695E-5
 -0.13498E-2 -0.39536E-3 -0.55894E-3  0.22028E-4  0.53851E-3  0.58678E-3  0.41055E-3  0.23988E-5
  0.34632E-4  0.38915E-3 -0.36188E-3 -0.36643E-4  0.28486E-3 -0.11727E-3  0.22843E-3  0.15508E-4
 -0.42340E-5  0.80467E-3 -0.50731E-3  0.10147E-4  0.90863E-3  0.43062E-3  0.27511E-4 -0.15508E-4
  0.26996E-2  0.18939E-2  0.20666E-2 -0.51281E-3 -0.49176E-3 -0.59441E-3 -0.52675E-3  0.88797E-5
 -0.10000E-4  0.14928E-3 -0.20273E-3 -0.94447E-4 -0.21929E-3 -0.40745E-3  0.21416E-3  0.34467E-4
  0.20942E-3 -0.98488E-6 -0.39273E-3  0.10812E-3 -0.56775E-3 -0.10536E-2 -0.35410E-4  0.24051E-4
 -0.14297E-2 -0.14871E-2 -0.27122E-2  0.85740E-3  0.86791E-3  0.63908E-3  0.13724E-3 -0.29732E-4
  0.14269E-4  0.66315E-4  0.14034E-3 -0.50813E-4  0.52038E-4  0.18939E-3 -0.96045E-4 -0.11152E-5
 -0.25905E-3 -0.16910E-3  0.10084E-2 -0.13213E-3  0.70337E-3  0.16980E-2 -0.15937E-3 -0.70638E-4
  0.36254E-3 -0.54069E-4  0.29700E-3  0.50691E-4  0.42393E-4  0.20669E-3 -0.20734E-4 -0.83747E-5
  0.42913E-4 -0.27066E-3  0.29891E-3  0.56193E-4  0.11746E-3  0.13838E-3 -0.13338E-3 -0.15718E-4
  0.26580E-3  0.11173E-3 -0.67848E-3  0.22046E-3 -0.28624E-3 -0.86167E-3  0.60825E-4  0.31479E-4
 -0.21012E-2  0.21659E-2  0.55620E-3 -0.14588E-2 -0.29811E-3 -0.11379E-2 -0.43247E-4  0.39517E-4
 -0.23935E-3 -0.91745E-3  0.32259E-3 -0.10554E-3 -0.13160E-2 -0.70735E-3  0.10227E-3  0.36508E-4
  0.13654E-3  0.16527E-3 -0.10417E-2  0.38666E-4 -0.72352E-3 -0.20561E-2  0.32236E-3  0.13570E-3
  0.39654E-3 -0.89276E-3 -0.98650E-3  0.47178E-3  0.34344E-3  0.71355E-4  0.12430E-3  0.36592E-4
 -0.24164E-3 -0.64255E-3  0.54670E-3 -0.92458E-4 -0.93040E-3  0.13817E-3 -0.25181E-4 -0.25208E-4
  0.14775E-3 -0.14951E-3 -0.10999E-2  0.14507E-3 -0.80143E-3 -0.20420E-2  0.19131E-3  0.99634E-4
 -0.21985E-3  0.34183E-3  0.11566E-2 -0.55185E-3 -0.96041E-3 -0.89831E-3  0.75628E-4  0.54225E-4
 -0.46460E-3 -0.15557E-2  0.25567E-3 -0.20754E-3 -0.23691E-2 -0.11998E-2  0.13173E-3  0.38886E-4
  0.13352E-3  0.61994E-3 -0.10337E-2 -0.65995E-4 -0.73507E-4 -0.20044E-2  0.39051E-3  0.15131E-3
  0.42968E-2 -0.27873E-2 -0.19436E-2  0.29341E-2  0.14364E-2  0.28031E-2 -0.51091E-3 -0.26854E-3
 -0.16837E-3  0.21389E-4  0.10947E-2 -0.13676E-3  0.33974E-4  0.20544E-2 -0.41245E-3 -0.19266E-3
  0.16320E-3  0.81128E-4 -0.89645E-3  0.12075E-3 -0.25825E-3 -0.10144E-2  0.51845E-4  0.66072E-5
  0.25742E-2  0.34724E-2  0.47465E-2 -0.11847E-2 -0.84605E-3  0.43508E-3 -0.72263E-3 -0.20790E-3
 -0.10053E-3 -0.24864E-3  0.17340E-4  0.97881E-4 -0.14611E-3  0.17094E-3 -0.57320E-3 -0.10963E-4
  0.36264E-3  0.14928E-2 -0.79263E-3 -0.28852E-4  0.13198E-2  0.48480E-3  0.37312E-3 -0.16287E-4
 -0.48468E-3  0.84816E-3 -0.12662E-2  0.17044E-3  0.74286E-3 -0.80242E-3 -0.18883E-1 -0.12996E-3
  0.29581E-3  0.15469E-2 -0.15638E-3 -0.14968E-3  0.20416E-2  0.16935E-2  0.12888E-2 -0.33562E-4
  0.42445E-4  0.54261E-3 -0.24889E-3 -0.53092E-4  0.44917E-3  0.18612E-3 -0.74277E-3  0.34719E-5
  0.17028E-2  0.70798E-3  0.32011E-3  0.65584E-4  0.14650E-3  0.11277E-3 -0.69976E-2 -0.84968E-4
 -0.23416E-4  0.12945E-3 -0.44079E-3  0.11575E-3  0.24499E-3 -0.30460E-3 -0.12953E-3 -0.78908E-5
  0.52874E-3  0.16626E-2 -0.41021E-3 -0.11700E-3  0.13550E-2  0.52747E-3  0.68739E-3  0.87745E-5
 -0.55657E-2 -0.26797E-2 -0.47647E-2  0.10827E-2  0.15063E-2  0.66674E-3 -0.54809E-2 -0.88818E-4
  0.13744E-3  0.25696E-4  0.35498E-4  0.12798E-3  0.32330E-3 -0.38279E-4 -0.67750E-4 -0.42947E-4
 -0.35379E-3 -0.15072E-4  0.22856E-3 -0.10094E-3 -0.81250E-3  0.71579E-3 -0.20967E-4 -0.23942E-3
  0.25797E-2 -0.16423E-2  0.25257E-4  0.20498E-2 -0.44366E-3  0.13469E-2  0.65653E-5 -0.12617E-3
 -0.28749E-4  0.81560E-3 -0.83962E-3  0.13059E-4 -0.45548E-3 -0.76156E-4  0.29671E-4 -0.33078E-3
 -0.78508E-3  0.17453E-3  0.25824E-3 -0.50060E-3 -0.15064E-2  0.14209E-2 -0.35495E-4 -0.46128E-3
 -0.10459E-2  0.82819E-4 -0.14967E-3 -0.12999E-2  0.48598E-3 -0.12186E-2  0.34521E-4  0.23839E-3
  0.30514E-3  0.57766E-3 -0.83067E-3  0.27725E-3 -0.61873E-4 -0.52288E-3  0.70440E-4 -0.16063E-3
 -0.63792E-3  0.19717E-3  0.57485E-4 -0.33273E-3 -0.18213E-2  0.15066E-2 -0.14677E-4 -0.34210E-3
  0.70354E-3  0.20483E-3 -0.23904E-3  0.13413E-2 -0.78919E-3  0.29843E-3  0.48986E-4 -0.25564E-3
 -0.17158E-3 -0.74015E-4  0.37025E-4 -0.23411E-3 -0.32576E-3  0.22401E-3  0.13491E-4  0.40401E-4
 -0.31128E-3  0.79198E-4  0.61745E-4 -0.92135E-5 -0.96914E-3  0.72144E-3 -0.45110E-5 -0.17543E-3
  0.30173E-3 -0.60127E-3 -0.76227E-3 -0.30504E-2  0.81753E-4  0.52427E-3 -0.68343E-4  0.85683E-4
  0.11746E-3 -0.39902E-4 -0.57238E-4  0.83566E-4  0.88782E-4 -0.12043E-3  0.38312E-4  0.31289E-4
  0.67845E-3 -0.13493E-3 -0.19453E-3  0.28811E-3  0.15290E-2 -0.12540E-2  0.26134E-4  0.34427E-3
 -0.23962E-3  0.24578E-3  0.46459E-4  0.11601E-3  0.16706E-3 -0.23193E-3  0.85985E-5  0.24956E-4
 -0.26123E-3 -0.32168E-3  0.43296E-3 -0.13817E-3 -0.32258E-4  0.16974E-3 -0.25414E-5  0.22140E-3
 -0.16432E-3 -0.69769E-3  0.75495E-3 -0.22519E-3  0.56660E-3 -0.12266E-3 -0.12262E-4  0.25415E-3
 -0.17901E-2  0.66662E-3  0.17897E-2  0.32206E-2  0.53849E-3 -0.87492E-3  0.45386E-4 -0.97277E-4
 -0.32211E-4 -0.16731E-3  0.25506E-3 -0.48491E-4  0.12865E-3  0.17087E-3 -0.24969E-4  0.34124E-3
 -0.11875E-3 -0.13914E-2  0.12559E-2 -0.64707E-3  0.13518E-2 -0.54447E-3 -0.72007E-5  0.40331E-3
  0.11610E-2 -0.43193E-3 -0.90522E-3 -0.15879E-2 -0.59230E-3  0.82236E-3 -0.37804E-4 -0.35504E-3
 -0.33568E-5 -0.53024E-3  0.53686E-3 -0.13829E-3  0.85770E-3 -0.45878E-3 -0.41510E-5  0.15173E-3
 -0.23664E-3 -0.99277E-3  0.98541E-3 -0.42156E-3  0.87086E-3 -0.35922E-3 -0.26897E-5  0.34075E-3
 -0.10831E-2  0.95097E-3  0.34076E-3  0.12813E-2 -0.50939E-3  0.33034E-3 -0.18277E-4  0.90287E-3
  0.23275E-3  0.36381E-3 -0.43218E-3  0.23015E-3 -0.17346E-4 -0.20727E-3  0.12008E-4 -0.39698E-3
 -0.15758E-3 -0.53943E-3  0.57365E-3 -0.21672E-3  0.34320E-3 -0.28168E-4 -0.12114E-4  0.31289E-3
  0.70024E-3 -0.38481E-3 -0.37835E-3 -0.68122E-3 -0.45862E-5  0.10985E-3 -0.21856E-4  0.24406E-2
  0.61639E-5 -0.61142E-4  0.50837E-4 -0.10957E-3  0.78465E-4  0.33219E-4 -0.75395E-5  0.35835E-4
  0.33542E-3  0.12785E-2 -0.13015E-2  0.56991E-3 -0.89211E-3  0.19309E-3  0.17748E-4 -0.39292E-3
  0.13706E-3  0.50716E-4 -0.26188E-3 -0.22069E-3 -0.11090E-3  0.11260E-4  0.55064E-5 -0.16937E-3
 -0.27928E-3  0.15374E-2 -0.13987E-2  0.85645E-4 -0.10309E-2  0.35829E-4  0.84036E-4 -0.39652E-3
 -0.84303E-3 -0.13843E-3  0.64920E-3 -0.72482E-3 -0.11575E-2  0.14943E-2 -0.98671E-4 -0.44592E-3
 -0.47026E-2  0.23223E-2  0.13381E-2 -0.34061E-2  0.84500E-3  0.14751E-2 -0.32064E-3 -0.37524E-3
  0.84980E-3  0.39852E-3 -0.99096E-3  0.76474E-3  0.62027E-3 -0.13738E-2  0.11917E-3  0.21252E-5
 -0.32649E-3  0.15740E-3 -0.89433E-4 -0.71030E-4 -0.14860E-2  0.10910E-2  0.10250E-4 -0.23546E-3
  0.12405E-3  0.53205E-3  0.23415E-2  0.54960E-2  0.93294E-3 -0.10663E-4 -0.11328E-3  0.62552E-3
 -0.22140E-3  0.41812E-4  0.31259E-3 -0.49068E-4 -0.29971E-3  0.86006E-3 -0.78848E-4  0.19628E-3
 -0.15793E-3 -0.14376E-2  0.13348E-2 -0.78577E-3  0.12990E-2 -0.31587E-3 -0.32869E-4  0.22896E-3
  0.37361E-2 -0.27635E-2 -0.20015E-2 -0.52871E-2  0.23993E-2 -0.18596E-2  0.11521E-3 -0.34901E-2
 -0.20741E-3 -0.19685E-2  0.18942E-2 -0.55381E-3  0.26764E-2 -0.16974E-2  0.30179E-4  0.45198E-4
 -0.15550E-3 -0.12597E-3  0.19160E-3 -0.11312E-3 -0.16317E-3  0.25429E-3 -0.12982E-4  0.27039E-4
 -0.17977E-2 -0.14749E-3  0.18330E-2  0.13598E-2  0.21411E-2 -0.22066E-2  0.14768E-3 -0.69184E-2
  0.15867E-3  0.27875E-4 -0.10877E-3  0.98759E-4  0.25223E-3 -0.34377E-3  0.16074E-4 -0.89292E-3
 -0.42925E-3 -0.15407E-2  0.16048E-2 -0.67987E-3  0.10884E-2 -0.19313E-3 -0.24144E-4  0.16137E-3
  0.20852E-3 -0.16435E-2  0.12514E-2 -0.61657E-3  0.19482E-2 -0.16324E-2  0.17803E-3 -0.19285E-1
         0.0         0.0         0.0         0.0         0.0         0.0         0.0         0.0
      847.82      867.08      874.12      876.71      879.94      887.73      890.58      912.55
  0.33453E-3 -0.39179E-4 -0.18528E-3 -0.81319E-4  0.16297E-2 -0.23451E-3 -0.20035E-3  0.21106E-3
  0.28307E-3  0.38347E-4  0.25323E-4 -0.35468E-4 -0.68122E-4  0.12047E-3  0.88106E-4 -0.86660E-4
  0.55591E-4 -0.23711E-5 -0.23448E-4  0.24226E-5  0.30389E-4 -0.30950E-4 -0.12448E-4  0.23343E-5
  0.45799E-3 -0.30489E-4 -0.30723E-4  0.20039E-4 -0.32310E-3 -0.30627E-3  0.20001E-4 -0.42807E-3
 -0.40382E-3 -0.37428E-4  0.32218E-3  0.12545E-3 -0.17754E-2  0.95221E-4  0.14631E-3 -0.18966E-3
  0.18459E-3 -0.47546E-4  0.23222E-4  0.78494E-4 -0.70700E-3 -0.67450E-3 -0.10010E-3  0.86212E-4
 -0.95475E-3  0.28503E-4  0.29033E-3  0.12212E-3 -0.18344E-2  0.47779E-3  0.18667E-3 -0.26708E-4
 -0.12634E-2  0.39204E-4  0.50886E-3  0.13616E-3 -0.24341E-2  0.49426E-3  0.26284E-3  0.76875E-4
  0.37215E-3 -0.56596E-4  0.88672E-4 -0.34720E-5 -0.96660E-5 -0.25358E-3 -0.49148E-5 -0.67635E-4
 -0.47419E-3 -0.24840E-4  0.34717E-3  0.12811E-3 -0.18063E-2  0.22508E-3  0.17306E-3 -0.10395E-3
 -0.87642E-4  0.26069E-5 -0.57487E-3 -0.11165E-3  0.27616E-2 -0.54453E-3 -0.43679E-3  0.52963E-3
 -0.10697E-2  0.20098E-3  0.37360E-4 -0.17781E-3  0.96773E-3  0.28825E-2  0.53919E-3 -0.51243E-3
 -0.54998E-3  0.83832E-4  0.47681E-4  0.99248E-5 -0.72706E-3  0.36850E-3  0.13775E-3  0.19384E-3
  0.41212E-3 -0.68302E-4 -0.36860E-3 -0.51712E-4  0.18774E-2 -0.58462E-3 -0.32992E-3  0.14208E-3
 -0.51084E-4 -0.35268E-4  0.18638E-3  0.31259E-6 -0.20785E-3 -0.12355E-2 -0.18862E-3  0.43682E-3
 -0.54998E-3  0.18749E-3 -0.36990E-3 -0.34396E-4 -0.30276E-3  0.23704E-3  0.68731E-4  0.26441E-3
  0.11462E-2 -0.32463E-3  0.15031E-2 -0.11549E-3 -0.41262E-5  0.97476E-4  0.26307E-3 -0.50743E-3
  0.86049E-3 -0.74075E-4 -0.44047E-3  0.11018E-3  0.15964E-4  0.71038E-3  0.17534E-4 -0.69563E-3
  0.82207E-3 -0.40348E-3  0.14408E-2  0.11867E-4  0.22796E-3  0.59314E-4  0.76493E-4 -0.44923E-3
 -0.23353E-3 -0.21017E-4 -0.97264E-4  0.10578E-3  0.60605E-4 -0.10675E-3 -0.19819E-3  0.86387E-4
 -0.20281E-5  0.67656E-5 -0.41736E-4  0.92326E-5 -0.17918E-4 -0.28383E-5 -0.10475E-4  0.17838E-4
 -0.88647E-4  0.93391E-4 -0.61166E-3 -0.13397E-4  0.16987E-4 -0.19835E-3 -0.85810E-4  0.14945E-3
 -0.26998E-3  0.36932E-3 -0.17183E-2  0.21524E-4 -0.17639E-3 -0.11194E-3 -0.18976E-7  0.26140E-3
  0.10635E-2 -0.27771E-3 -0.50329E-3  0.27448E-3 -0.27140E-3  0.51007E-3 -0.10763E-3  0.50475E-3
 -0.11712E-2  0.44247E-3 -0.16687E-2  0.44600E-4 -0.19310E-3 -0.17224E-4 -0.10676E-3  0.41914E-3
 -0.12490E-2  0.42843E-3 -0.22081E-2  0.54369E-4 -0.24099E-3  0.78599E-4 -0.89188E-5  0.51097E-3
 -0.19967E-2  0.27005E-3  0.20041E-3 -0.19230E-3  0.46996E-3 -0.11824E-2 -0.24697E-3 -0.23020E-2
 -0.39460E-3  0.44349E-3 -0.16045E-2  0.53275E-4 -0.21907E-3 -0.98370E-5 -0.13213E-3  0.31229E-3
  0.10256E-2 -0.50802E-3  0.25002E-2 -0.20811E-3 -0.91270E-4  0.42161E-3  0.43038E-3 -0.65284E-3
 -0.12950E-2  0.60978E-4  0.15464E-2 -0.33513E-3  0.26255E-3 -0.18766E-3  0.36628E-3  0.23888E-2
 -0.51307E-3  0.33344E-4  0.77600E-3  0.23389E-4 -0.26460E-3  0.30549E-3  0.32601E-4 -0.12506E-2
 -0.25260E-2  0.77401E-3 -0.36459E-2  0.20051E-4  0.29538E-4 -0.46238E-3 -0.24284E-3  0.10480E-2
  0.11272E-1 -0.11427E-2 -0.40760E-2  0.13573E-2 -0.31167E-2  0.73040E-2  0.12570E-2  0.12745E-1
  0.23134E-2 -0.27316E-3  0.23297E-2 -0.15711E-3  0.52798E-3 -0.23638E-3  0.22107E-4 -0.10612E-2
  0.23524E-2 -0.95283E-3  0.51967E-2 -0.38279E-3  0.49789E-3  0.32585E-3  0.54036E-3 -0.10502E-2
  0.96511E-2 -0.76619E-3 -0.84458E-2  0.21577E-2 -0.28678E-2  0.23133E-2 -0.18316E-2 -0.13255E-1
  0.69080E-3 -0.67905E-4 -0.12340E-3  0.38650E-4 -0.25673E-3 -0.79483E-3 -0.85411E-4 -0.48500E-3
  0.32630E-3 -0.16292E-3 -0.74880E-5  0.15899E-3 -0.10209E-2 -0.10200E-2 -0.17982E-3 -0.52675E-3
 -0.23915E-2  0.37025E-3 -0.13583E-3 -0.42334E-3  0.38518E-2  0.49455E-2  0.70472E-3 -0.65581E-3
 -0.12023E-2  0.45336E-4 -0.36706E-3  0.84143E-4  0.48160E-3 -0.31896E-3 -0.35893E-3  0.90607E-3
 -0.11013E-2  0.34883E-4  0.98095E-3  0.14502E-3 -0.40287E-2  0.11934E-2  0.68631E-3 -0.62385E-3
 -0.84938E-3  0.70834E-4 -0.43784E-3  0.26666E-3 -0.15817E-2 -0.17886E-2 -0.55833E-3  0.10623E-2
  0.94348E-3 -0.22623E-3 -0.58135E-4 -0.13252E-4  0.16235E-2 -0.41504E-3 -0.23415E-3 -0.32073E-3
  0.62975E-3 -0.88202E-4 -0.80341E-3 -0.24560E-3  0.50380E-2 -0.47525E-3 -0.58945E-3  0.31585E-3
  0.48769E-2 -0.10469E-2 -0.90542E-3  0.10466E-2 -0.40839E-2 -0.16077E-1 -0.33969E-2  0.33740E-2
  0.10206E-3  0.34149E-3 -0.15342E-3 -0.34949E-3  0.17183E-4 -0.10642E-3 -0.37914E-4  0.25230E-4
  0.26715E-3  0.14107E-2  0.25709E-4 -0.94971E-3 -0.14294E-3 -0.34216E-5 -0.31815E-3 -0.15803E-3
 -0.43821E-3  0.50518E-3  0.30927E-3 -0.41284E-3  0.14398E-3 -0.29208E-3  0.27914E-3 -0.14797E-3
  0.34852E-3  0.15034E-2  0.15662E-3 -0.11344E-2 -0.16239E-3  0.12444E-3 -0.65399E-3 -0.70806E-5
  0.31413E-3  0.21201E-2  0.41503E-3 -0.14268E-2 -0.17584E-3  0.12213E-3 -0.84383E-3 -0.78140E-4
 -0.37927E-4 -0.78017E-3 -0.38223E-3  0.66263E-3 -0.99499E-4 -0.50157E-5  0.65069E-4 -0.30324E-3
  0.29399E-3  0.13216E-2 -0.39515E-4 -0.99887E-3 -0.20445E-3  0.75624E-4 -0.31303E-3 -0.13619E-3
 -0.55963E-3 -0.17881E-2  0.29713E-4  0.16892E-2  0.25118E-3 -0.43897E-4  0.47311E-3  0.17696E-3
 -0.34571E-3 -0.52474E-3  0.45435E-3  0.44572E-3 -0.83764E-4  0.61956E-3 -0.28839E-2  0.25113E-3
  0.86411E-4  0.43294E-3  0.13206E-3 -0.44109E-3 -0.86419E-4  0.83109E-4 -0.29946E-3 -0.24451E-4
 -0.33608E-3 -0.11829E-2 -0.14779E-3  0.11988E-2  0.18530E-3 -0.14940E-3  0.82235E-3  0.44546E-4
  0.19463E-3  0.10348E-3 -0.17850E-3 -0.30632E-3  0.57858E-4 -0.27557E-3  0.12145E-2 -0.70300E-4
 -0.28244E-3 -0.11372E-2  0.52935E-5  0.10637E-2  0.14723E-3 -0.54512E-4  0.59175E-3  0.50634E-4
  0.60098E-4 -0.12403E-3 -0.13194E-4 -0.22181E-3 -0.30366E-4  0.27256E-4 -0.15484E-4  0.11146E-4
  0.20160E-4  0.33518E-4 -0.27611E-4 -0.31427E-4 -0.73443E-5  0.84567E-5  0.36036E-4  0.16282E-4
 -0.59283E-5 -0.14687E-3  0.69972E-4 -0.49742E-3 -0.67421E-4  0.89952E-4 -0.35899E-3  0.13480E-4
  0.21564E-4  0.64179E-3  0.13335E-3  0.11560E-2  0.13483E-3 -0.97437E-4  0.34734E-3 -0.55594E-4
 -0.58642E-4  0.17877E-3  0.11321E-3  0.33824E-3 -0.28849E-4  0.14686E-3 -0.60942E-3  0.49623E-4
 -0.99516E-4 -0.14873E-2 -0.29839E-3 -0.16968E-2 -0.11765E-3  0.17224E-4 -0.13279E-3  0.38904E-7
  0.12125E-3  0.17066E-2  0.44549E-3  0.19617E-2  0.16093E-3  0.30250E-4 -0.22574E-3  0.14881E-4
 -0.51153E-4 -0.72524E-3 -0.15840E-3 -0.36650E-3  0.34492E-4 -0.11579E-3  0.35922E-3 -0.75514E-4
 -0.32935E-4 -0.87864E-3 -0.20218E-3 -0.15304E-2 -0.15356E-3  0.11495E-3 -0.48567E-3  0.74774E-4
 -0.94887E-4 -0.12917E-2 -0.19795E-3 -0.19195E-2 -0.19612E-3  0.19042E-3 -0.79028E-3  0.10140E-3
 -0.27943E-4 -0.39664E-3 -0.90534E-4 -0.19354E-3  0.16137E-4 -0.77491E-4  0.28694E-3 -0.73043E-4
 -0.76097E-5 -0.37583E-3 -0.24613E-3 -0.54787E-3 -0.47491E-4 -0.98137E-4  0.51755E-3 -0.59660E-4
 -0.97297E-4 -0.12922E-2 -0.29702E-3 -0.15630E-2 -0.12489E-3  0.21093E-4 -0.83229E-4  0.21008E-5
  0.60340E-4  0.46337E-3  0.95123E-4  0.23107E-3 -0.12930E-4  0.61783E-4 -0.23976E-3  0.46491E-4
  0.50044E-4  0.99343E-3  0.26239E-3  0.14986E-2  0.14383E-3 -0.21521E-4  0.12961E-4  0.12021E-4
  0.31115E-4  0.27554E-3  0.42507E-4  0.26168E-3  0.94706E-5 -0.11859E-4  0.94861E-4 -0.65943E-5
  0.41255E-5  0.86029E-5  0.86451E-6 -0.32911E-4 -0.61720E-5  0.30328E-5  0.16111E-4  0.44351E-5
  0.81332E-4 -0.57489E-4  0.19542E-3  0.25924E-3  0.81213E-4  0.89583E-4  0.35438E-3  0.29682E-3
  0.58057E-3  0.33861E-2  0.46274E-3 -0.25679E-2 -0.31404E-3  0.14188E-3 -0.15169E-2 -0.16560E-3
  0.17291E-2  0.44679E-2  0.14109E-2 -0.39860E-2  0.56347E-3 -0.48936E-3  0.35801E-2  0.18604E-2
 -0.17339E-3 -0.10140E-2 -0.75911E-3  0.11772E-2  0.23366E-4 -0.23169E-3  0.13740E-2 -0.20349E-3
 -0.86810E-3 -0.32943E-2 -0.40733E-3  0.30770E-2  0.39892E-3 -0.22050E-3  0.14227E-2  0.14399E-3
  0.16872E-2  0.41407E-2 -0.20159E-2 -0.32593E-2  0.54234E-3 -0.35675E-2  0.17186E-1 -0.12080E-2
 -0.11742E-3 -0.99633E-3 -0.15045E-3  0.35344E-3  0.15641E-3 -0.18319E-3  0.40125E-3 -0.94771E-4
  0.13952E-3  0.22563E-2  0.58096E-3  0.33533E-2  0.32191E-3 -0.62677E-4  0.54082E-5 -0.17799E-4
  0.38562E-3  0.43553E-2  0.83126E-3  0.18000E-2 -0.15799E-3  0.53623E-3 -0.16154E-2  0.50307E-3
  0.21318E-3  0.23054E-2  0.64492E-3  0.16003E-2  0.41422E-4  0.32363E-3 -0.14379E-2  0.21950E-3
 -0.25155E-3 -0.33265E-2 -0.75389E-3 -0.40185E-2 -0.34487E-3  0.80912E-4 -0.24047E-3  0.31260E-4
  0.14403E-3  0.27223E-2  0.64014E-3  0.16467E-2 -0.64168E-4  0.48046E-3 -0.17040E-2  0.51025E-3
 -0.29243E-4 -0.57695E-3 -0.32813E-3 -0.69287E-3 -0.46549E-4 -0.14895E-3  0.73517E-3 -0.10387E-3
 -0.13143E-3 -0.16242E-2 -0.49161E-3 -0.17838E-2 -0.99568E-4 -0.13364E-3  0.53636E-3 -0.12039E-3
 -0.41229E-3 -0.24217E-2 -0.53332E-3 -0.83376E-3  0.12316E-3 -0.39453E-3  0.14898E-2 -0.29167E-3
         0.0         0.0         0.0         0.0         0.0         0.0         0.0         0.0
      918.48      935.44      952.43      954.05      960.81      962.97     1014.61     1048.09
 -0.14987E-4 -0.41534E-4 -0.25875E-3 -0.76426E-4  0.68680E-3  0.69639E-3 -0.55305E-3  0.52088E-3
 -0.51240E-4 -0.10453E-3 -0.16258E-4 -0.39282E-4  0.49198E-3  0.45920E-3  0.90741E-4 -0.21253E-3
 -0.68998E-5 -0.25290E-5  0.54523E-4  0.37822E-5  0.68896E-4  0.63609E-4 -0.10960E-4 -0.68986E-6
  0.17938E-3  0.52166E-3  0.15206E-2  0.39230E-3 -0.26900E-2 -0.26580E-2  0.10161E-2 -0.56131E-3
  0.61872E-4  0.36048E-4 -0.42258E-3  0.57556E-6 -0.82202E-3 -0.75091E-3 -0.17370E-3  0.36361E-3
  0.28448E-4  0.15810E-3  0.95773E-3  0.15616E-3 -0.69283E-4 -0.95750E-4 -0.17049E-4 -0.41063E-5
  0.81252E-4  0.12659E-3  0.28720E-3  0.58912E-4  0.93092E-4  0.14134E-3 -0.79590E-3  0.11184E-2
  0.65982E-5 -0.77816E-4 -0.15292E-3 -0.53917E-4  0.77876E-3  0.79272E-3 -0.66945E-3  0.58026E-3
 -0.44246E-4 -0.35566E-3 -0.25197E-2 -0.36470E-3 -0.54579E-3 -0.43724E-3  0.13712E-3  0.52769E-4
 -0.33613E-4 -0.23345E-3 -0.13268E-2 -0.19727E-3  0.99048E-4  0.15260E-3 -0.26065E-3  0.13666E-4
 -0.86342E-5  0.13419E-3  0.48506E-3  0.35150E-4  0.33432E-3  0.27948E-3  0.41459E-3 -0.48454E-3
  0.92544E-4  0.15838E-3  0.61922E-3  0.11412E-3 -0.90114E-4 -0.96909E-4 -0.60665E-4 -0.17214E-4
 -0.19787E-3 -0.42213E-3 -0.47003E-3 -0.17080E-3  0.10852E-2  0.94267E-3  0.13853E-2 -0.21176E-2
  0.49128E-4  0.18779E-3  0.96739E-4  0.49518E-4 -0.62264E-3 -0.60337E-3  0.54268E-4  0.20199E-3
  0.88039E-5  0.21789E-4  0.44567E-4  0.47072E-5 -0.18598E-4 -0.25320E-4  0.53113E-4 -0.35522E-4
 -0.25914E-3 -0.45301E-3 -0.18947E-3 -0.14539E-3  0.87934E-3  0.67216E-3  0.18995E-2 -0.21784E-2
  0.80159E-4 -0.42780E-4  0.22347E-3  0.94206E-4 -0.73110E-4  0.23457E-4 -0.99164E-3  0.47792E-3
 -0.72373E-4 -0.80637E-4 -0.10786E-4  0.17472E-5  0.96189E-5  0.12572E-4 -0.57508E-4  0.11268E-4
  0.16024E-4  0.27389E-3  0.17005E-3  0.11717E-5  0.67749E-5 -0.39799E-4  0.24156E-3  0.32073E-3
  0.32614E-4  0.29557E-3 -0.31916E-3 -0.97660E-4  0.19534E-3  0.15901E-3  0.64007E-3 -0.35645E-3
 -0.17928E-4 -0.66922E-5 -0.27143E-4 -0.10894E-4  0.47320E-4  0.41310E-4  0.53560E-4 -0.35916E-4
  0.28828E-3 -0.10445E-3 -0.17552E-3  0.17602E-3 -0.68670E-3 -0.24051E-3 -0.30002E-2  0.49566E-3
  0.32180E-4 -0.12925E-3  0.12732E-3  0.72459E-4 -0.37858E-3 -0.37336E-3 -0.73397E-3  0.60385E-3
  0.21646E-3  0.22824E-3  0.67364E-5  0.46250E-5 -0.30554E-4 -0.24132E-4 -0.13581E-3  0.62252E-4
 -0.62004E-4 -0.70288E-4  0.21979E-3  0.36548E-4 -0.28693E-3 -0.32048E-3 -0.52740E-3  0.10407E-2
 -0.28483E-3 -0.61037E-3  0.31809E-3  0.28079E-4 -0.71383E-4 -0.25438E-3  0.35748E-3  0.22333E-3
 -0.21122E-3 -0.18575E-3  0.60055E-5  0.14821E-4  0.15009E-4  0.40049E-5 -0.31035E-4  0.58036E-5
  0.32407E-4  0.30477E-3  0.96206E-5 -0.60331E-4  0.85022E-5 -0.15309E-3  0.10073E-2 -0.50721E-4
 -0.16422E-3 -0.54003E-3  0.42167E-3  0.65593E-4  0.39926E-3  0.39948E-3 -0.10139E-3 -0.35637E-3
  0.33291E-3  0.29948E-3  0.30225E-5  0.14204E-4 -0.23413E-3 -0.21148E-3  0.52042E-4  0.59788E-5
 -0.30595E-3  0.38920E-3  0.61520E-3 -0.87382E-4  0.59953E-3  0.47667E-3  0.16047E-2  0.95124E-3
 -0.20652E-3 -0.90837E-3  0.10134E-4  0.11207E-3 -0.75051E-3 -0.78327E-3 -0.12444E-2  0.24857E-3
  0.66734E-3  0.36939E-3  0.11898E-3 -0.99798E-4  0.85930E-4  0.59765E-4  0.35719E-3  0.64978E-4
  0.79742E-3  0.20813E-2  0.26833E-3  0.12740E-3 -0.11473E-2 -0.87142E-3 -0.81103E-4  0.83448E-3
  0.35836E-3  0.62619E-3  0.55884E-3  0.18677E-3 -0.43519E-3 -0.13666E-3 -0.86713E-3  0.30521E-3
 -0.21853E-2 -0.21195E-2  0.51643E-3 -0.87916E-4  0.20715E-2  0.18612E-2 -0.10699E-4 -0.69303E-4
  0.27202E-3  0.84707E-3  0.26167E-2  0.65601E-3 -0.43577E-2 -0.43345E-2  0.19232E-2 -0.14012E-2
  0.34120E-3  0.10056E-2  0.24134E-2  0.77972E-3 -0.66876E-2 -0.66119E-2  0.29931E-2 -0.25429E-2
 -0.10173E-3 -0.71023E-3 -0.54661E-2 -0.86218E-3 -0.23840E-3 -0.70929E-4  0.39095E-3  0.44074E-4
  0.40060E-4  0.30467E-3  0.11827E-2  0.33793E-4  0.25327E-2  0.24876E-2 -0.15265E-2  0.20617E-2
  0.43228E-4 -0.25362E-3 -0.11645E-2 -0.90609E-4 -0.11102E-2 -0.10076E-2 -0.11218E-3 -0.41041E-4
  0.12521E-3  0.21141E-2  0.17213E-1  0.24396E-2  0.48109E-2  0.40283E-2 -0.15203E-2 -0.13301E-3
  0.11021E-3 -0.61981E-4 -0.25897E-2 -0.22019E-3 -0.22794E-2 -0.20348E-2 -0.87474E-3  0.75140E-3
  0.85871E-4  0.20084E-3 -0.13826E-3  0.51451E-4 -0.12262E-2 -0.11559E-2 -0.45450E-4  0.83177E-4
 -0.65980E-3 -0.89399E-3 -0.30473E-2 -0.68631E-3  0.17178E-2  0.16598E-2  0.62550E-3 -0.14878E-3
  0.51745E-3 -0.18155E-3 -0.15905E-3  0.24426E-3 -0.64098E-3  0.58562E-4 -0.29773E-2 -0.25776E-3
  0.88303E-3  0.91315E-3 -0.19873E-3  0.82962E-4 -0.23994E-3  0.41419E-3 -0.69208E-3 -0.78591E-3
 -0.41576E-3 -0.51065E-3  0.67423E-4  0.18151E-4 -0.54765E-4 -0.15990E-4 -0.11295E-4 -0.17805E-4
  0.11498E-3 -0.13433E-3  0.37850E-4  0.10226E-3 -0.38440E-3  0.41306E-3 -0.39571E-3 -0.10594E-2
  0.32024E-3  0.56905E-3 -0.11059E-3 -0.73712E-4 -0.42764E-4  0.35457E-3  0.36586E-3 -0.33814E-3
  0.14503E-2  0.22432E-2 -0.36864E-3 -0.35849E-4  0.33519E-3  0.93403E-4  0.69911E-4 -0.10948E-3
  0.68009E-3  0.61296E-3 -0.39984E-4 -0.43434E-4  0.24655E-3  0.18452E-3  0.98349E-3 -0.20527E-3
 -0.15612E-2  0.15291E-4 -0.17009E-4 -0.32252E-4  0.40352E-5 -0.16696E-3 -0.34918E-4  0.37291E-3
 -0.17127E-3 -0.94304E-3  0.14648E-3 -0.38110E-4 -0.33903E-3  0.10825E-3 -0.80079E-6  0.83801E-4
 -0.95108E-4  0.31006E-3 -0.19024E-4 -0.34842E-3  0.10801E-2 -0.84754E-3  0.17045E-2  0.26112E-2
 -0.59693E-3  0.19423E-3 -0.70307E-4  0.57864E-4 -0.28306E-3  0.17850E-3 -0.88665E-3 -0.58041E-3
  0.17406E-3 -0.10301E-3 -0.20940E-4  0.15100E-3  0.77860E-4 -0.61628E-4 -0.86262E-4 -0.10579E-3
 -0.58077E-3 -0.21328E-3  0.83760E-4  0.48717E-5 -0.13958E-3  0.18798E-3  0.29778E-3 -0.46574E-3
  0.16886E-3 -0.52983E-3  0.11195E-3  0.33917E-5  0.28797E-3 -0.28275E-3  0.56106E-3  0.45279E-3
 -0.45377E-4 -0.48908E-4  0.22975E-4 -0.92500E-5  0.21635E-4 -0.32773E-4  0.55180E-4  0.44020E-4
 -0.30842E-3  0.26131E-3 -0.38818E-4 -0.33045E-3  0.13555E-2 -0.12876E-2  0.11733E-2  0.25087E-2
  0.11977E-2 -0.80952E-3  0.14945E-3 -0.89951E-4 -0.74535E-3  0.78724E-3  0.12871E-3  0.75304E-4
 -0.41548E-3  0.32282E-3  0.16574E-4 -0.29292E-3 -0.21299E-3  0.17862E-3 -0.79595E-4 -0.14432E-4
  0.28617E-4 -0.16439E-4  0.31627E-4 -0.41267E-3  0.66150E-3 -0.79552E-3 -0.37152E-3  0.59646E-3
  0.63982E-3 -0.66689E-3  0.13317E-3 -0.15698E-3 -0.57282E-4  0.14773E-4  0.44335E-3  0.58001E-3
  0.15820E-2 -0.10395E-2 -0.20182E-3  0.19150E-2  0.46597E-3 -0.32117E-3  0.18218E-3 -0.47863E-4
 -0.89538E-3  0.27224E-3 -0.38798E-4  0.21493E-3 -0.30673E-5 -0.14181E-3 -0.71839E-3 -0.19474E-2
 -0.11001E-2  0.34082E-3 -0.66376E-4  0.10670E-3  0.86550E-3 -0.10576E-2 -0.60802E-3 -0.95617E-3
  0.10143E-2 -0.59105E-3  0.42724E-3 -0.23573E-2 -0.76907E-4 -0.59853E-4 -0.51009E-4 -0.18206E-3
  0.94995E-4  0.17758E-3  0.13670E-4  0.50869E-3 -0.27024E-2  0.30697E-2  0.99179E-3  0.61701E-3
 -0.97088E-4  0.14240E-4  0.33623E-4 -0.62941E-4 -0.54211E-3  0.54952E-3 -0.13722E-3 -0.37548E-3
 -0.74931E-3  0.48590E-3 -0.16031E-3  0.67636E-3 -0.13008E-3  0.16325E-3 -0.63924E-4  0.41830E-4
  0.38522E-3 -0.38509E-3  0.27025E-4 -0.14636E-4  0.47699E-3 -0.61609E-3 -0.50077E-3 -0.58389E-3
 -0.28708E-3  0.35360E-3 -0.77775E-4  0.20987E-4  0.48419E-3 -0.45795E-3  0.32953E-4  0.80210E-4
 -0.12904E-3  0.53382E-4 -0.52153E-5  0.17041E-4  0.20176E-4 -0.15902E-4  0.28847E-4  0.34252E-4
 -0.26751E-2 -0.17722E-2  0.56971E-3  0.82860E-4 -0.23327E-3  0.57066E-5  0.20123E-2 -0.10296E-2
  0.17144E-2  0.75466E-3 -0.30205E-3 -0.40227E-4 -0.35742E-3  0.55399E-3 -0.14446E-2 -0.24617E-3
 -0.94936E-2 -0.14770E-1  0.24592E-2  0.20194E-3 -0.19932E-2 -0.90793E-3 -0.44539E-3  0.14286E-2
  0.54541E-3  0.16119E-2 -0.14796E-3  0.12948E-3 -0.54825E-3  0.93349E-3 -0.18421E-3 -0.24927E-2
 -0.16151E-2  0.59926E-3 -0.75799E-4  0.77207E-4 -0.55164E-3  0.33179E-3 -0.83725E-3 -0.11506E-2
 -0.11622E-2  0.43783E-2 -0.68213E-3  0.22679E-3  0.24273E-2 -0.11531E-2 -0.12914E-3 -0.23266E-3
  0.24142E-2 -0.13566E-2  0.25345E-3 -0.58729E-3 -0.14961E-2  0.12967E-2 -0.10609E-2  0.19001E-2
  0.16322E-2 -0.12026E-2  0.25640E-3 -0.36260E-3 -0.15516E-2  0.14485E-2 -0.95387E-4  0.12108E-2
 -0.11266E-1  0.78090E-2  0.11500E-2 -0.12454E-1 -0.30840E-2  0.20659E-2 -0.15299E-2  0.52724E-3
 -0.11414E-2 -0.52582E-3 -0.28949E-3  0.22639E-2  0.15804E-2 -0.18315E-2 -0.11195E-2 -0.54293E-2
 -0.14090E-2  0.11826E-2 -0.79849E-4 -0.27154E-3 -0.37654E-3  0.34382E-3 -0.25233E-3  0.15792E-2
 -0.79384E-2  0.51551E-2 -0.28853E-2  0.14988E-1  0.34977E-4  0.89646E-3  0.46059E-3  0.25488E-2
  0.71262E-3 -0.19857E-3  0.11875E-3  0.48694E-3 -0.42588E-2  0.48500E-2  0.18766E-2  0.16780E-2
  0.16825E-2 -0.10428E-2  0.30640E-3  0.24093E-3 -0.59659E-2  0.67485E-2  0.28493E-2  0.32778E-2
  0.47816E-2 -0.30007E-2  0.98632E-3 -0.41468E-2  0.15558E-2 -0.18835E-2  0.90750E-4 -0.44218E-3
         0.0         0.0         0.0         0.0         0.0         0.0         0.0         0.0
     1056.24     1072.02     1076.02     1098.03     1115.90     1156.60     1168.47     1246.71
  0.35146E-3  0.18723E-3 -0.17026E-3  0.40680E-3 -0.26506E-4  0.63937E-4 -0.35127E-5  0.17401E-3
 -0.15089E-3  0.11825E-3  0.28650E-3 -0.20196E-3  0.17744E-4  0.51682E-3 -0.15343E-5 -0.14661E-3
 -0.23249E-5  0.32710E-5  0.14401E-4  0.17264E-4 -0.79657E-7  0.17321E-4 -0.40375E-7 -0.20174E-5
 -0.30472E-3 -0.12997E-3 -0.36610E-3 -0.14161E-2  0.49606E-4 -0.23000E-2  0.95891E-5 -0.11617E-3
  0.27893E-3  0.22294E-4 -0.25696E-3  0.29437E-3 -0.36841E-4  0.11936E-2 -0.97910E-5  0.27360E-3
 -0.16031E-4 -0.43031E-4  0.40957E-4  0.14299E-3 -0.41023E-5 -0.99279E-4  0.38357E-6  0.19456E-4
  0.90211E-3  0.80281E-3 -0.11750E-2 -0.17460E-2 -0.61933E-5 -0.27504E-4 -0.10013E-4  0.39316E-3
  0.39492E-3  0.32478E-3 -0.27696E-3 -0.60568E-4 -0.64920E-5 -0.11840E-2  0.32098E-5 -0.70918E-4
  0.91365E-4  0.13857E-3 -0.25307E-3 -0.52534E-3  0.11132E-4 -0.13590E-3 -0.00000E+0 -0.10959E-4
 -0.10653E-3 -0.45645E-3  0.78803E-3  0.29087E-2 -0.76929E-4  0.86140E-3 -0.77521E-5 -0.17249E-3
 -0.33315E-3 -0.47514E-3 -0.25823E-3 -0.85455E-3  0.40067E-4 -0.86467E-3  0.20369E-4 -0.65402E-3
 -0.36591E-4 -0.43301E-4  0.11936E-3  0.17858E-3 -0.34850E-5  0.45484E-4 -0.38357E-6 -0.41802E-4
 -0.16259E-2 -0.12397E-2  0.11959E-2 -0.65435E-3  0.13723E-3  0.11631E-3  0.33451E-4 -0.91554E-3
  0.18228E-3 -0.22516E-4 -0.22942E-3  0.38883E-3 -0.18281E-4 -0.72618E-3 -0.33512E-5  0.82063E-3
 -0.22329E-4 -0.23310E-4  0.18156E-4  0.36522E-4 -0.81648E-6 -0.31207E-4  0.42394E-6  0.37835E-4
 -0.15583E-2 -0.96249E-3  0.94722E-3 -0.76230E-3  0.85970E-4 -0.16176E-3  0.37751E-4 -0.64882E-4
  0.10790E-3 -0.11909E-4  0.20220E-3 -0.54148E-4  0.53470E-4  0.21971E-4 -0.19744E-4  0.64062E-3
 -0.11919E-4  0.29376E-5  0.52496E-4 -0.24082E-4  0.94194E-5 -0.84344E-6  0.38357E-6  0.82937E-4
  0.41421E-3  0.40896E-3 -0.46378E-3  0.20965E-3 -0.42158E-4  0.22588E-4 -0.19098E-4  0.39868E-3
 -0.86680E-4 -0.30443E-3 -0.32625E-3  0.19440E-3  0.27183E-4 -0.30734E-4  0.13122E-4  0.96751E-4
 -0.16274E-4 -0.31408E-4 -0.18961E-4  0.79064E-5  0.43811E-6  0.75910E-5  0.11911E-5  0.75739E-5
 -0.60815E-3 -0.16424E-2  0.13776E-2 -0.79160E-3  0.25132E-3 -0.62970E-4  0.14378E-3 -0.29938E-3
  0.32118E-3  0.93405E-3  0.69113E-3 -0.46931E-4 -0.17799E-3  0.48961E-4 -0.53558E-4 -0.30145E-2
  0.17957E-4 -0.15577E-4  0.23625E-4 -0.22232E-4  0.13542E-4 -0.57395E-5 -0.28263E-6 -0.15028E-3
  0.70099E-3 -0.88148E-3 -0.21653E-2  0.56319E-3 -0.11054E-3 -0.14585E-3 -0.39507E-4  0.42109E-4
  0.24659E-3  0.52743E-3 -0.30441E-3  0.49832E-4  0.12090E-3  0.21024E-4 -0.20914E-4  0.11364E-2
 -0.85535E-5  0.10575E-3  0.13820E-3 -0.14670E-4  0.92203E-5  0.40938E-5  0.54507E-6  0.92066E-4
  0.40594E-3  0.22749E-2  0.12650E-2  0.15359E-4  0.12546E-4  0.26494E-3 -0.79136E-5  0.98515E-3
 -0.51384E-3 -0.10800E-2 -0.50958E-3 -0.61101E-3  0.38833E-4 -0.39169E-4  0.23862E-4  0.69564E-3
  0.29825E-4  0.48716E-4 -0.44095E-4  0.30973E-4 -0.15732E-4 -0.84961E-5 -0.40981E-5 -0.98580E-4
  0.16983E-2 -0.37904E-2 -0.98349E-2  0.22163E-2 -0.84661E-3 -0.50065E-3 -0.30895E-3 -0.94666E-2
 -0.41598E-3  0.21907E-2  0.47995E-2 -0.10114E-2  0.60489E-3  0.26723E-3  0.17519E-3  0.77693E-2
  0.15483E-3 -0.82330E-3 -0.13545E-2  0.43286E-4  0.54087E-4 -0.16447E-3  0.12032E-4  0.62421E-3
  0.18289E-2  0.10472E-1  0.87835E-2 -0.10804E-2 -0.21316E-3  0.14157E-2  0.25901E-4 -0.47079E-2
  0.46003E-3  0.39184E-2  0.40582E-2 -0.11896E-2 -0.13297E-3  0.65926E-3  0.51499E-4 -0.28444E-2
 -0.14938E-3 -0.96968E-3 -0.10108E-2 -0.52144E-3  0.59583E-4  0.77514E-4  0.28101E-4  0.72973E-3
 -0.92685E-3 -0.11630E-2 -0.32658E-3 -0.11909E-2  0.54923E-4  0.11971E-2 -0.13203E-4 -0.19779E-3
 -0.18459E-2 -0.36455E-2 -0.87453E-4  0.11115E-2 -0.45384E-4  0.13789E-1 -0.96477E-4  0.47922E-4
  0.21264E-3  0.19631E-3 -0.84440E-3 -0.17558E-2  0.32619E-4  0.16702E-2 -0.98314E-5 -0.50726E-4
  0.18607E-2  0.14034E-2 -0.38344E-2 -0.82677E-2  0.11921E-3  0.11013E-1 -0.79398E-4 -0.27817E-4
 -0.23436E-3  0.52178E-4  0.14473E-2  0.40932E-2 -0.83102E-4 -0.92422E-2  0.60280E-4  0.20003E-3
 -0.60850E-3 -0.11227E-2  0.23329E-2  0.54615E-2 -0.12769E-3  0.91760E-3  0.46432E-6  0.24245E-3
  0.91434E-4 -0.19360E-2  0.21491E-2  0.12277E-1 -0.44269E-3  0.27219E-2 -0.66619E-6  0.14580E-3
 -0.15898E-3 -0.12916E-2  0.50783E-3  0.48593E-2 -0.19831E-3  0.20924E-3  0.31715E-4 -0.48444E-3
  0.90202E-4 -0.21487E-3 -0.11349E-2 -0.10230E-2  0.27721E-4 -0.35830E-3  0.16453E-4  0.15456E-4
 -0.99217E-3 -0.16915E-2  0.11340E-2 -0.89939E-3  0.11520E-3 -0.11004E-3  0.79620E-4 -0.23901E-3
 -0.17069E-3  0.22748E-3 -0.61256E-4 -0.32623E-4 -0.11877E-3  0.30199E-4 -0.22570E-4 -0.21060E-2
 -0.25331E-5  0.41221E-4 -0.12755E-4  0.12186E-4 -0.18739E-4  0.52046E-5 -0.49864E-5  0.91126E-5
  0.23348E-3  0.50696E-3 -0.53908E-3  0.25230E-3  0.24500E-2  0.34396E-4  0.17424E-3  0.31229E-3
  0.31431E-3 -0.13767E-4 -0.62016E-3  0.26635E-3  0.22226E-3 -0.23040E-5  0.71061E-5  0.12284E-2
  0.37077E-4 -0.16050E-3 -0.53490E-5 -0.25750E-5  0.32492E-3 -0.10430E-4  0.17987E-4  0.99042E-4
  0.12476E-3  0.72474E-3 -0.54296E-3  0.27041E-3 -0.24871E-2  0.30282E-4 -0.33889E-3  0.31099E-3
  0.51264E-3 -0.73895E-3  0.53504E-3 -0.21148E-3  0.50182E-3 -0.42892E-4  0.22206E-5  0.41162E-3
 -0.32687E-4  0.47493E-4  0.67154E-4 -0.16502E-4 -0.14129E-3 -0.11520E-5  0.37428E-4 -0.63275E-4
  0.21196E-3 -0.12668E-2  0.11683E-2 -0.37829E-3 -0.11007E-3 -0.35507E-4  0.25192E-3 -0.36844E-4
 -0.24627E-3 -0.93653E-4  0.10938E-4 -0.10231E-3 -0.46279E-3  0.25653E-4  0.28808E-4  0.39141E-3
  0.33537E-4  0.46953E-4 -0.12104E-4  0.13727E-4 -0.23658E-4  0.75910E-5 -0.14535E-5 -0.40519E-4
  0.17595E-3  0.49732E-3 -0.38708E-3  0.20176E-3 -0.89216E-4  0.20448E-4 -0.16594E-4  0.28899E-3
 -0.69920E-5  0.10591E-3 -0.24310E-4  0.62780E-4  0.24100E-3  0.44024E-5  0.67831E-5  0.42109E-4
  0.49621E-5 -0.31757E-6 -0.61205E-5 -0.53677E-5  0.11949E-5 -0.82287E-5 -0.10901E-5 -0.36587E-5
 -0.24290E-6 -0.14259E-2  0.13036E-2 -0.50596E-3 -0.13751E-3 -0.62559E-4 -0.15924E-3 -0.62833E-3
 -0.65524E-3  0.45346E-3 -0.43063E-3  0.16163E-3 -0.86089E-4  0.35178E-4  0.12696E-2  0.51514E-3
 -0.15105E-3  0.49049E-4 -0.44112E-4  0.47692E-5 -0.77387E-4 -0.92573E-6 -0.44817E-5  0.36758E-4
 -0.24469E-2  0.97038E-3 -0.74119E-3  0.22838E-3  0.36224E-3  0.38387E-4 -0.13176E-2 -0.99110E-4
  0.38486E-3 -0.43813E-3  0.38936E-3 -0.14484E-3  0.19745E-3 -0.35877E-4  0.97902E-3 -0.47141E-3
  0.27520E-3 -0.43619E-4  0.33123E-4  0.43522E-6 -0.18401E-4  0.00000E+0  0.10835E-3 -0.14327E-4
  0.18402E-2  0.57163E-5 -0.84435E-4  0.47148E-4 -0.12112E-3 -0.28080E-4  0.35698E-3  0.26623E-3
  0.50579E-3  0.18254E-3 -0.18423E-3  0.57140E-4 -0.29154E-4  0.40115E-5  0.93643E-3 -0.89895E-4
  0.36702E-3 -0.10161E-3  0.78640E-4 -0.15233E-4 -0.14816E-4  0.14606E-5  0.54063E-4 -0.14908E-4
  0.99264E-3 -0.69820E-3  0.56206E-3 -0.15893E-3 -0.19843E-3 -0.14050E-4  0.22899E-2 -0.17047E-3
  0.11191E-4  0.20180E-3 -0.18881E-3  0.75274E-4  0.11261E-3 -0.30858E-6 -0.86468E-3  0.22270E-3
 -0.19477E-3  0.33028E-4 -0.28065E-4 -0.18315E-5 -0.71074E-4 -0.74058E-6 -0.59392E-4  0.36741E-4
 -0.31185E-3  0.43670E-3 -0.38149E-3  0.12338E-3  0.65458E-4  0.15491E-4 -0.54487E-4  0.12012E-3
  0.24191E-3 -0.22635E-3  0.19964E-3 -0.71357E-4 -0.82106E-4 -0.82904E-5 -0.57630E-3 -0.55394E-4
  0.49794E-5  0.13179E-5  0.15944E-5  0.50050E-5  0.55660E-4  0.32915E-5 -0.13808E-4 -0.20721E-4
  0.24458E-2  0.27906E-2 -0.12053E-2  0.13990E-2  0.11725E-1  0.20448E-3  0.72839E-3 -0.56723E-2
 -0.12507E-2 -0.14771E-2 -0.10244E-3 -0.53452E-3 -0.61629E-2 -0.12613E-3 -0.39154E-3  0.52582E-2
 -0.40417E-3  0.15095E-2  0.31377E-3  0.15606E-3 -0.46273E-2  0.31567E-3 -0.27328E-3 -0.13770E-2
 -0.23920E-3  0.23013E-2 -0.93330E-3  0.19853E-3 -0.11966E-1 -0.11088E-4 -0.19437E-2 -0.43252E-2
  0.25176E-3  0.29858E-3  0.24513E-3 -0.24809E-3 -0.52340E-2 -0.85064E-4 -0.98344E-3 -0.24757E-2
  0.42053E-3 -0.93788E-3 -0.48852E-3  0.67604E-4  0.21348E-2  0.62250E-4 -0.34904E-3  0.11102E-2
 -0.96622E-2  0.43616E-2 -0.33742E-2  0.11567E-2  0.21603E-2  0.19101E-3 -0.57370E-2  0.14731E-3
 -0.39328E-2  0.16507E-2 -0.12252E-2  0.43228E-3  0.13134E-2  0.65830E-4 -0.19700E-2 -0.33060E-3
 -0.25197E-2  0.24737E-3 -0.10405E-3 -0.13450E-3  0.97301E-4 -0.77597E-4 -0.12943E-2  0.20417E-3
  0.95307E-2 -0.25301E-2  0.18880E-2 -0.55439E-3  0.25373E-3 -0.19788E-3 -0.91897E-2  0.34399E-3
 -0.49222E-2  0.19402E-2 -0.15469E-2  0.47663E-3 -0.30218E-3  0.13244E-3  0.76541E-2 -0.15406E-3
 -0.48222E-2  0.11101E-2 -0.82410E-3  0.13187E-3  0.15129E-3 -0.31989E-4 -0.79053E-3  0.20432E-3
  0.12762E-2 -0.13545E-2  0.11505E-2 -0.33579E-3  0.25178E-3 -0.51882E-4 -0.13848E-2 -0.19432E-3
  0.80604E-3 -0.20198E-2  0.18180E-2 -0.54799E-3  0.17571E-2 -0.16789E-3 -0.14342E-1  0.20026E-3
  0.98359E-3 -0.10539E-3  0.35814E-4 -0.86499E-5  0.24017E-4 -0.11582E-4  0.30203E-3 -0.57821E-4
         0.0         0.0         0.0         0.0         0.0         0.0         0.0         0.0
     1294.15     1302.34     1314.60     1337.01     1346.14     1380.44     1384.13     1443.51
  0.16149E-3 -0.99072E-4 -0.22799E-3 -0.10722E-3 -0.38257E-3 -0.57909E-4  0.16787E-3  0.17754E-3
 -0.14609E-4  0.18350E-3 -0.54808E-4 -0.11078E-3  0.75423E-4  0.65281E-4  0.20520E-3  0.73996E-4
  0.19110E-5  0.57545E-5 -0.64041E-5 -0.74177E-5 -0.30780E-5  0.31482E-5  0.15459E-4  0.73263E-5
 -0.39630E-3 -0.60334E-4  0.74979E-3  0.50890E-3  0.11500E-2  0.26320E-3 -0.56225E-3 -0.54513E-3
 -0.30892E-3 -0.93188E-3  0.88362E-3  0.94891E-3 -0.22301E-3 -0.97211E-3 -0.24716E-2 -0.12208E-2
 -0.20503E-4 -0.54942E-4  0.54220E-4  0.55535E-4 -0.32531E-5 -0.47492E-4 -0.13345E-3 -0.67658E-4
  0.82261E-4 -0.57314E-3 -0.69921E-4  0.48208E-4 -0.97873E-3 -0.37331E-3  0.13906E-3  0.93581E-3
 -0.20456E-3  0.14392E-3  0.32121E-3  0.73109E-4  0.97057E-3  0.70998E-3  0.88851E-3  0.46100E-3
 -0.78046E-5  0.26346E-4  0.77866E-6 -0.16054E-4  0.55040E-4  0.55324E-4  0.10005E-3  0.57715E-4
  0.18142E-3  0.57421E-3 -0.69841E-3 -0.79589E-3 -0.12622E-3  0.46207E-3  0.14243E-2 -0.79194E-4
 -0.57209E-3  0.81150E-3  0.51099E-3 -0.21301E-3  0.18402E-2  0.11447E-2  0.16294E-2  0.32749E-3
  0.82154E-6  0.63151E-4 -0.17607E-4 -0.28166E-4  0.57430E-4  0.41144E-4  0.53712E-4 -0.14978E-4
  0.21744E-3  0.15769E-2 -0.55962E-3 -0.45499E-3  0.11128E-2  0.26172E-3 -0.59863E-3 -0.12968E-2
  0.10879E-2 -0.65433E-3 -0.16264E-2 -0.56591E-3 -0.33467E-2 -0.14680E-2 -0.10255E-2 -0.19802E-3
  0.55186E-4 -0.38617E-4 -0.75165E-4 -0.12910E-4 -0.17388E-3 -0.97992E-4 -0.12171E-3 -0.47237E-4
 -0.18803E-3 -0.93220E-3  0.44052E-3  0.59549E-3 -0.14989E-2 -0.12542E-2 -0.14577E-2  0.79240E-3
  0.19757E-2  0.16812E-2 -0.18462E-2 -0.16411E-3  0.14505E-2  0.65280E-3 -0.17674E-2 -0.18588E-2
  0.11407E-3  0.67241E-4 -0.83444E-4  0.11510E-4  0.72657E-4  0.19939E-4 -0.10634E-3 -0.70193E-4
  0.21028E-3 -0.15627E-4 -0.23654E-3 -0.10445E-3  0.22432E-3  0.26619E-3  0.10245E-3 -0.30962E-3
 -0.29165E-4 -0.23249E-3  0.70366E-4  0.68038E-4 -0.56855E-4 -0.38393E-7  0.72652E-5  0.50435E-4
 -0.13895E-4 -0.19048E-4  0.16161E-4  0.23021E-5 -0.64437E-5 -0.66548E-6  0.21906E-4  0.16734E-4
  0.28565E-3  0.13533E-2  0.72981E-3  0.65044E-3 -0.46019E-4 -0.14207E-2 -0.12277E-3  0.23309E-2
 -0.81604E-3  0.18035E-2 -0.24672E-3 -0.61751E-3 -0.45757E-3 -0.85958E-3 -0.15382E-2  0.30717E-3
 -0.14145E-4  0.11135E-3 -0.19546E-4 -0.14850E-4 -0.13663E-4 -0.48964E-4 -0.85920E-4  0.23898E-4
  0.48708E-3  0.86829E-3 -0.30492E-3  0.42911E-4  0.11393E-2  0.22927E-3  0.12298E-4  0.79131E-3
 -0.70159E-3 -0.11470E-2  0.56032E-3 -0.41905E-3 -0.25975E-3  0.48328E-3  0.17344E-2 -0.12452E-2
  0.22878E-4 -0.30167E-4 -0.13825E-5  0.13842E-5  0.17742E-4  0.27323E-4  0.37518E-4 -0.38678E-4
  0.16792E-3 -0.13149E-2  0.34134E-4  0.35623E-3 -0.16183E-3  0.64185E-3  0.20238E-3 -0.30746E-3
 -0.58924E-3 -0.14129E-2  0.13397E-2  0.78703E-3 -0.42297E-3 -0.21362E-3  0.10690E-2  0.19114E-2
 -0.73081E-4 -0.78174E-4  0.49087E-4  0.10066E-4 -0.91088E-4 -0.25544E-4  0.92062E-5  0.24537E-4
 -0.56380E-2 -0.33393E-3  0.10767E-2 -0.29695E-2 -0.41306E-2 -0.73653E-3  0.15011E-2 -0.40057E-2
  0.36513E-2 -0.25909E-3 -0.55716E-3  0.16911E-2  0.33874E-2  0.10717E-2  0.54390E-3  0.20249E-2
 -0.36514E-3 -0.47869E-3  0.45393E-3 -0.36366E-4  0.13718E-3  0.17264E-3  0.97988E-3  0.15711E-3
 -0.51128E-2  0.14336E-2  0.21915E-2 -0.25393E-2 -0.92781E-3 -0.10469E-2  0.29744E-2 -0.53492E-3
 -0.39423E-2  0.30137E-3  0.27158E-2 -0.10028E-2 -0.89809E-3 -0.12934E-2  0.28130E-2  0.19254E-2
 -0.39262E-3 -0.49541E-3  0.70532E-3  0.17593E-3  0.26636E-3  0.13016E-3  0.11272E-2  0.88568E-3
  0.24289E-3  0.82029E-3 -0.61366E-3 -0.68120E-3  0.61445E-3  0.99854E-3  0.20656E-2  0.90003E-3
  0.19564E-2  0.21320E-2 -0.40684E-2 -0.33718E-2 -0.24226E-2  0.15351E-2  0.68158E-2  0.39611E-2
 -0.53346E-4  0.10469E-3  0.53473E-4 -0.38217E-4  0.29849E-3  0.22443E-3  0.36087E-3  0.17292E-3
 -0.12812E-2 -0.10502E-2  0.30591E-2  0.24246E-2  0.32969E-2  0.15750E-3 -0.31967E-2 -0.19353E-2
  0.78803E-3  0.53607E-3 -0.19295E-2 -0.16251E-2 -0.20315E-2  0.36096E-3  0.32817E-2  0.25225E-2
  0.15009E-3 -0.38454E-3 -0.90213E-4  0.13812E-3 -0.83046E-3 -0.62401E-3 -0.88916E-3 -0.32775E-3
 -0.32029E-2 -0.35326E-2  0.63447E-2  0.45747E-2  0.41722E-2 -0.31696E-3 -0.44059E-2 -0.11737E-3
 -0.27470E-2 -0.17545E-2  0.50209E-2  0.32038E-2  0.46752E-2  0.71706E-3 -0.19739E-2  0.38228E-3
 -0.55877E-3 -0.14949E-3  0.64519E-3  0.43137E-4  0.82444E-3  0.56402E-3  0.11474E-2  0.51630E-3
 -0.30938E-3 -0.14571E-2  0.33672E-3  0.16114E-4 -0.93444E-3  0.73082E-3  0.11594E-2 -0.22294E-2
  0.13312E-2 -0.22392E-2 -0.11967E-2  0.13550E-2  0.15690E-4  0.18250E-2 -0.52298E-4  0.16445E-3
  0.13198E-4 -0.22218E-4 -0.89626E-5 -0.18507E-5  0.10335E-4  0.12235E-4  0.23986E-5 -0.40934E-5
 -0.67775E-3 -0.67984E-3 -0.26462E-3 -0.12928E-2  0.39094E-3 -0.16121E-3  0.21990E-4 -0.13212E-2
  0.35299E-3  0.13043E-2  0.89703E-3 -0.24480E-4  0.44459E-3 -0.17443E-2  0.45477E-3  0.90673E-3
  0.45720E-5  0.84672E-4  0.44177E-4  0.11616E-4 -0.62310E-5 -0.62836E-4 -0.13532E-4  0.42342E-4
 -0.49274E-4  0.11376E-2  0.38412E-3  0.85763E-6 -0.14291E-3 -0.24166E-3 -0.53935E-3  0.11059E-2
  0.61851E-3  0.11007E-2  0.16616E-2  0.74975E-4 -0.78797E-3 -0.74850E-3  0.83387E-3 -0.15720E-2
 -0.26414E-4 -0.42996E-4 -0.79376E-4  0.40504E-4 -0.10135E-5  0.55619E-4 -0.23542E-4  0.21432E-4
 -0.65723E-4  0.99805E-3  0.49613E-3  0.13323E-2 -0.13760E-2  0.15332E-2  0.34121E-4 -0.62673E-3
 -0.21729E-2 -0.12465E-2 -0.20078E-2 -0.13803E-2  0.70276E-3  0.13997E-2 -0.16635E-2  0.18752E-2
  0.18413E-4 -0.60129E-4 -0.57097E-4 -0.27820E-4  0.44418E-4 -0.10059E-4 -0.27411E-4  0.13490E-4
 -0.23946E-3  0.10167E-3 -0.16156E-3 -0.25908E-3  0.24378E-3 -0.19250E-3 -0.17251E-3  0.25935E-3
  0.19306E-4  0.23575E-3  0.13538E-3  0.17890E-4 -0.66164E-4 -0.40633E-4  0.12783E-4 -0.80206E-4
 -0.85369E-5  0.57266E-5  0.14652E-4 -0.16099E-5 -0.58932E-5  0.58869E-5  0.18163E-4 -0.19130E-4
 -0.28522E-4 -0.15476E-2 -0.92810E-3 -0.71109E-3  0.75057E-3  0.49326E-3 -0.37277E-3  0.69058E-3
 -0.16810E-2  0.13178E-2 -0.14170E-2  0.30305E-2 -0.81478E-3  0.50834E-3  0.55548E-3 -0.29725E-3
 -0.33755E-4  0.42661E-4  0.88672E-5  0.22283E-4 -0.25850E-4 -0.24827E-5  0.88041E-5 -0.28898E-4
 -0.14881E-3 -0.49105E-3 -0.70977E-3  0.27850E-4  0.85933E-3 -0.14322E-2  0.45669E-3  0.25014E-4
  0.10199E-2 -0.11617E-2  0.36835E-3 -0.16495E-2  0.11021E-2 -0.14684E-2  0.18956E-3 -0.12822E-3
  0.34022E-4 -0.16417E-4  0.22820E-4 -0.49381E-4  0.17041E-4 -0.12055E-4 -0.88457E-5 -0.11513E-5
 -0.35840E-3  0.76289E-3 -0.80297E-4  0.10720E-2 -0.48014E-3  0.96622E-5  0.31323E-3 -0.62665E-3
  0.58252E-3 -0.37271E-3  0.56512E-3 -0.12455E-2  0.45195E-3 -0.79074E-3 -0.95584E-4  0.16269E-4
  0.50846E-4 -0.34397E-4  0.40331E-4 -0.84544E-4  0.21195E-4 -0.10596E-4 -0.16624E-4  0.14304E-4
  0.71433E-3 -0.31659E-3  0.78375E-3 -0.12311E-2  0.20332E-4  0.50213E-3 -0.48449E-3  0.44345E-3
  0.16591E-4  0.83962E-3  0.73611E-3  0.49308E-3 -0.12601E-2  0.24534E-2 -0.60306E-3  0.52187E-3
 -0.75135E-4  0.31069E-4 -0.45433E-4  0.64036E-4 -0.25550E-4  0.20950E-4  0.75147E-5 -0.23688E-4
 -0.22948E-3  0.19404E-3 -0.16353E-3  0.31455E-3 -0.27376E-4 -0.18760E-3  0.11845E-3 -0.10795E-3
 -0.34112E-5 -0.14610E-3 -0.11378E-3 -0.22690E-4  0.11111E-3 -0.14445E-3  0.38891E-4 -0.35062E-4
  0.25361E-4 -0.75673E-5  0.86288E-5  0.68911E-5  0.15265E-5 -0.34938E-5  0.51854E-5  0.80473E-5
  0.61978E-2 -0.63966E-3 -0.48600E-3  0.56049E-2  0.79643E-3 -0.99566E-3  0.94318E-3  0.41927E-2
 -0.44773E-2  0.12813E-2  0.92472E-3 -0.47954E-2  0.15594E-3 -0.10718E-2 -0.24891E-3 -0.30185E-2
  0.11587E-3 -0.71080E-3 -0.94930E-3  0.22918E-3 -0.45944E-4  0.11258E-2 -0.53336E-3  0.99394E-4
  0.75432E-2 -0.30288E-2  0.65255E-3  0.33978E-2  0.16780E-2 -0.19325E-2  0.29506E-2 -0.53159E-3
  0.54690E-2 -0.14767E-2  0.19644E-2  0.21658E-2  0.34575E-3 -0.19256E-2  0.31453E-2 -0.28577E-2
  0.47113E-4  0.53991E-3  0.13647E-2 -0.70715E-3 -0.15547E-3 -0.85040E-3  0.65101E-3 -0.64410E-3
  0.41831E-2  0.17932E-2  0.71089E-2 -0.43894E-2 -0.32398E-2  0.53106E-2 -0.24137E-2  0.71613E-3
  0.37995E-2  0.25789E-3  0.53541E-2 -0.45185E-2 -0.15073E-2  0.28300E-2 -0.16792E-2  0.33421E-3
 -0.81886E-3  0.33115E-3 -0.63383E-3  0.10622E-2 -0.51241E-3  0.92563E-3 -0.14557E-3  0.12986E-3
  0.83731E-3  0.54754E-3  0.23927E-2 -0.20766E-2 -0.14970E-2  0.36888E-2 -0.18826E-2  0.16274E-2
 -0.25491E-3 -0.25738E-3 -0.11866E-2  0.92786E-3  0.12052E-2 -0.35034E-2  0.14670E-2 -0.16104E-2
 -0.85208E-3  0.37040E-3 -0.82463E-3  0.13013E-2 -0.23799E-3  0.29367E-3  0.19176E-3 -0.33922E-4
 -0.53489E-4 -0.86760E-3 -0.67168E-3 -0.67756E-3  0.11885E-2 -0.20690E-2  0.40878E-3 -0.29582E-3
 -0.28012E-2 -0.91798E-3 -0.44551E-2  0.27372E-2  0.27264E-2 -0.63971E-2  0.25610E-2 -0.21156E-2
  0.15281E-3 -0.88744E-4  0.17081E-3 -0.22188E-3  0.67365E-4 -0.63169E-4  0.42329E-4 -0.45167E-4
         0.0         0.0         0.0         0.0         0.0         0.0         0.0         0.0
     1473.74     1492.49     1551.62     1557.64     1565.41     1587.86     1592.92     1636.94
 -0.11067E-3 -0.17282E-3 -0.99676E-5 -0.29156E-4 -0.31614E-4  0.39904E-5 -0.82219E-4 -0.26814E-4
 -0.45001E-4 -0.10169E-3  0.21750E-3  0.14409E-3  0.72429E-4 -0.28210E-5 -0.10528E-3  0.33188E-4
 -0.35208E-5 -0.58755E-5  0.82078E-5  0.47096E-5  0.19556E-5  0.18083E-6 -0.37863E-5 -0.14344E-6
  0.14115E-3  0.30205E-3 -0.13467E-2 -0.87300E-3 -0.43077E-3 -0.68476E-5 -0.14671E-3  0.87864E-4
  0.12226E-2  0.18809E-2  0.77227E-3  0.50404E-3  0.37292E-3  0.12035E-3  0.21278E-2 -0.10550E-2
  0.62110E-4  0.96850E-4  0.14039E-4  0.10459E-4  0.11266E-4  0.47982E-5  0.95946E-4 -0.44196E-4
 -0.56195E-3 -0.98081E-3  0.28742E-2  0.20352E-2  0.10112E-2 -0.36227E-4  0.11793E-3 -0.10597E-3
 -0.89807E-3 -0.14063E-2 -0.18368E-2 -0.11967E-2 -0.70515E-3 -0.12273E-3 -0.21852E-2  0.11441E-2
 -0.69817E-4 -0.10719E-3 -0.21183E-4 -0.96374E-5 -0.10150E-4 -0.64257E-5 -0.10274E-3  0.45801E-4
  0.50438E-3  0.11388E-2 -0.17859E-2 -0.15237E-2 -0.79321E-3  0.20619E-3  0.13869E-2 -0.12606E-2
 -0.12978E-3  0.21454E-3  0.50822E-3  0.30242E-3  0.18588E-3  0.12619E-3  0.16373E-2 -0.13391E-2
  0.21047E-4  0.55529E-4 -0.58506E-4 -0.46211E-4 -0.19244E-4  0.79809E-5  0.11848E-3 -0.78774E-4
  0.92672E-3  0.13441E-2  0.91980E-3  0.10761E-2  0.80167E-3 -0.25517E-3  0.34063E-3  0.19566E-2
  0.70995E-3  0.82753E-3 -0.78350E-3 -0.68760E-3 -0.41554E-3 -0.72491E-4 -0.84150E-3  0.12871E-2
  0.61028E-4  0.73476E-4 -0.80765E-5 -0.44786E-5 -0.51590E-6 -0.77638E-5 -0.28883E-4  0.89792E-4
 -0.51699E-3 -0.12772E-2  0.15571E-3 -0.54261E-3 -0.72277E-3  0.24741E-3 -0.20957E-2 -0.15012E-2
 -0.58640E-3 -0.12160E-2 -0.32236E-3  0.86695E-3  0.84924E-3 -0.24471E-3 -0.98718E-3 -0.29588E-3
 -0.26889E-4 -0.56105E-4 -0.82210E-5  0.15207E-4  0.10330E-4  0.13020E-5 -0.71681E-4 -0.49701E-4
  0.26315E-4  0.86993E-4  0.19226E-4  0.58838E-4  0.36293E-4  0.27330E-4 -0.60018E-5 -0.25783E-4
  0.28675E-4  0.77291E-4  0.10456E-3 -0.32685E-4 -0.90162E-4  0.40471E-4 -0.10702E-3 -0.36998E-4
  0.57637E-5  0.12378E-4  0.15247E-4  0.11806E-5 -0.36713E-5  0.31104E-5  0.50405E-5 -0.70105E-5
  0.40207E-3  0.15989E-3 -0.83573E-3  0.84119E-4  0.67478E-3 -0.10392E-2  0.10614E-2  0.24093E-2
 -0.77619E-3 -0.16846E-2  0.20904E-3 -0.70062E-3 -0.83941E-3  0.28577E-3  0.98663E-3 -0.13162E-2
 -0.27762E-4 -0.57654E-4 -0.11819E-6 -0.25768E-4 -0.27258E-4  0.75710E-5  0.32810E-4 -0.31000E-4
  0.77203E-3  0.16034E-2  0.18691E-2 -0.89759E-3 -0.16224E-2  0.92876E-3 -0.13472E-2 -0.87647E-3
  0.89969E-3  0.10898E-2 -0.65932E-3  0.10078E-2  0.13669E-2 -0.60845E-3 -0.99901E-3  0.11728E-2
  0.19521E-4  0.30005E-4 -0.20513E-4  0.25216E-4  0.36281E-4 -0.15455E-4 -0.14489E-4  0.30884E-4
 -0.13314E-2 -0.16962E-2 -0.13560E-2  0.30338E-3  0.78757E-3 -0.37043E-3  0.26097E-2  0.20769E-3
 -0.28388E-3  0.60816E-4  0.67619E-4 -0.78495E-3 -0.69661E-3  0.22589E-3  0.16666E-2 -0.10708E-3
 -0.40724E-4 -0.56489E-4 -0.66897E-4 -0.12512E-4  0.15897E-4 -0.17408E-4  0.11375E-3  0.27791E-4
  0.50435E-3 -0.89030E-3 -0.32825E-2  0.26336E-2  0.39377E-2 -0.20587E-2 -0.46760E-4  0.26293E-2
  0.10791E-2  0.27870E-2  0.27251E-2 -0.12868E-2 -0.23749E-2  0.14468E-2 -0.17487E-2 -0.11869E-2
  0.49327E-3  0.77846E-3  0.25791E-3  0.70888E-4 -0.12513E-4  0.34274E-4 -0.69551E-3  0.21090E-3
  0.35929E-2  0.42180E-2  0.23266E-2  0.47956E-3 -0.29755E-3  0.22880E-3 -0.59450E-2  0.57014E-3
  0.28712E-2  0.39898E-2  0.24394E-2 -0.75442E-3 -0.15256E-2  0.66705E-3 -0.34815E-2  0.12572E-3
  0.31744E-3  0.65464E-3  0.59970E-3 -0.19819E-3 -0.40399E-3  0.19891E-3 -0.58934E-3  0.99124E-4
 -0.10069E-2 -0.14661E-2 -0.94742E-3 -0.62395E-3 -0.39018E-3 -0.72575E-4 -0.14133E-2  0.60411E-3
 -0.27051E-2 -0.40239E-2  0.27214E-2  0.17669E-2  0.66733E-3 -0.88814E-4 -0.20089E-2  0.63942E-3
 -0.16764E-3 -0.22849E-3  0.44454E-4 -0.12961E-4 -0.47330E-4  0.16830E-4 -0.24667E-3  0.35008E-4
  0.13477E-3 -0.25729E-5 -0.58451E-2 -0.39286E-2 -0.20354E-2 -0.11643E-3 -0.28617E-2  0.15808E-2
 -0.15011E-2 -0.23088E-2  0.42081E-2  0.29530E-2  0.14268E-2 -0.78506E-4 -0.27188E-3  0.43452E-4
  0.51911E-3  0.76672E-3  0.24627E-3  0.10797E-3  0.80120E-4  0.39832E-4  0.73451E-3 -0.25961E-3
 -0.17953E-2 -0.35836E-2  0.20994E-2  0.20314E-2  0.94867E-3 -0.42560E-3 -0.48605E-2  0.31764E-2
 -0.17040E-2 -0.29311E-2  0.30952E-2  0.26517E-2  0.13667E-2 -0.24366E-3 -0.21463E-2  0.12613E-2
 -0.24574E-3 -0.28921E-3  0.10077E-2  0.61328E-3  0.23016E-3  0.58120E-4 -0.48248E-3 -0.33367E-4
 -0.31262E-3  0.71927E-4 -0.70762E-3  0.91309E-3  0.93732E-3  0.74839E-3 -0.11060E-2 -0.23958E-2
 -0.11164E-2  0.11503E-2  0.67894E-3 -0.22239E-3 -0.86464E-3  0.11386E-2  0.18663E-3  0.11798E-2
  0.23603E-5  0.83204E-6  0.59753E-5 -0.42348E-5 -0.40672E-5 -0.13888E-4  0.95653E-5  0.25299E-4
  0.88746E-3 -0.15427E-2  0.15323E-2 -0.11661E-2 -0.18586E-2 -0.81033E-3  0.76819E-3  0.95372E-3
  0.14291E-2 -0.28899E-3 -0.97173E-3  0.53226E-3  0.13566E-2 -0.12546E-2 -0.48341E-3 -0.10214E-2
 -0.11788E-4 -0.28034E-5 -0.16363E-4  0.45428E-5  0.12969E-4  0.19675E-4  0.57908E-5 -0.41175E-4
 -0.15947E-2  0.12683E-2 -0.95597E-3  0.67878E-3  0.11497E-2  0.23515E-2 -0.24251E-3 -0.43232E-3
 -0.89051E-3 -0.22245E-3  0.24975E-3  0.62341E-4 -0.59042E-3  0.18924E-2  0.20909E-3 -0.57187E-4
  0.15387E-4  0.78980E-5 -0.11044E-4  0.81745E-5  0.42471E-5 -0.30621E-4 -0.15708E-5  0.12605E-4
 -0.12805E-2  0.78581E-3  0.48688E-3  0.35098E-4 -0.11357E-2 -0.13563E-2  0.15735E-3  0.15599E-2
 -0.30129E-3  0.90140E-3 -0.34518E-3 -0.37241E-4  0.82974E-3 -0.10995E-2 -0.21518E-3  0.35099E-3
  0.10628E-4 -0.22644E-4 -0.77876E-5 -0.77766E-5  0.15609E-4  0.26101E-4  0.11851E-4 -0.25092E-4
  0.13443E-3 -0.63504E-4 -0.13408E-4 -0.42297E-4  0.40624E-4 -0.14117E-4  0.38437E-4  0.32982E-4
  0.50465E-4 -0.98962E-4  0.74711E-4 -0.79217E-4 -0.78848E-4 -0.11559E-3  0.32142E-4  0.33017E-4
  0.88542E-5  0.11905E-5  0.54631E-5  0.71863E-6 -0.44751E-5 -0.11429E-4 -0.11570E-4  0.10632E-4
  0.19751E-2 -0.90456E-3  0.14989E-3 -0.88264E-3  0.12260E-2 -0.68762E-3 -0.27758E-3 -0.17372E-2
  0.74415E-3 -0.31206E-3 -0.24580E-3  0.95861E-3 -0.11292E-2 -0.12326E-2 -0.11852E-3 -0.11051E-2
 -0.47166E-4  0.13902E-4 -0.18254E-5  0.19673E-4 -0.31002E-4  0.45956E-4  0.10374E-4  0.50248E-4
  0.76060E-3 -0.51460E-3 -0.87539E-3  0.19108E-2 -0.14585E-2  0.18505E-2  0.27382E-3  0.86919E-3
  0.76937E-6 -0.29616E-3  0.10218E-3 -0.58922E-3  0.78963E-3  0.19404E-2  0.19591E-3  0.10598E-2
 -0.33474E-4  0.17563E-4  0.31400E-4 -0.73403E-4  0.56377E-4 -0.64208E-4 -0.69981E-5 -0.13761E-4
 -0.81074E-3  0.16258E-3  0.11589E-2 -0.27213E-2  0.22445E-2 -0.10168E-3 -0.51390E-4  0.19003E-3
 -0.17818E-2  0.11726E-2 -0.43525E-3  0.14634E-2 -0.16080E-2 -0.19925E-2 -0.17949E-3 -0.78456E-3
  0.21516E-5  0.23937E-5 -0.25109E-4  0.56836E-4 -0.45543E-4  0.86319E-5  0.24968E-5 -0.26177E-5
  0.27996E-3  0.22657E-5 -0.55125E-3  0.12229E-2 -0.96271E-3 -0.36541E-4  0.23796E-5 -0.10941E-3
  0.26257E-2 -0.14288E-2 -0.34683E-4 -0.40477E-3  0.76986E-3  0.20519E-2  0.18576E-3  0.69915E-3
 -0.97149E-5 -0.38530E-5  0.20657E-4 -0.34700E-4  0.13581E-4 -0.12743E-4  0.16294E-5 -0.37383E-5
 -0.24581E-3  0.11313E-3  0.16639E-4  0.12371E-4 -0.54529E-4 -0.60097E-4  0.17466E-5  0.33654E-4
 -0.11783E-3  0.53904E-4  0.85506E-4 -0.18094E-3  0.13220E-3 -0.10734E-3 -0.74084E-5 -0.21847E-4
 -0.44336E-6  0.88709E-5 -0.59096E-6 -0.23099E-5  0.10102E-4 -0.29295E-5 -0.35753E-5 -0.44734E-5
  0.14972E-2  0.21070E-2 -0.31476E-2  0.21440E-2  0.41350E-2 -0.12526E-2 -0.17264E-2 -0.23728E-2
  0.10588E-2 -0.29053E-2  0.20669E-2 -0.16823E-2 -0.26116E-2 -0.10044E-2  0.12170E-2  0.12191E-2
 -0.64224E-3  0.58398E-3 -0.69379E-4  0.54167E-4 -0.20156E-5  0.50911E-3  0.13817E-3  0.62252E-3
  0.52393E-2 -0.23202E-2  0.11504E-2 -0.10609E-2 -0.84116E-3 -0.63161E-2  0.34639E-4  0.34547E-3
  0.35253E-2 -0.27218E-2  0.16814E-2 -0.11052E-2 -0.20027E-2 -0.34394E-2  0.44108E-3  0.39989E-3
 -0.34035E-4 -0.18113E-3  0.49386E-3 -0.33347E-3 -0.33470E-3 -0.22008E-3  0.88151E-5 -0.59356E-4
 -0.24051E-2  0.20882E-2  0.13245E-2 -0.23394E-2  0.13014E-2 -0.55763E-2 -0.72070E-3 -0.20999E-2
 -0.20990E-2  0.14166E-2  0.14797E-2 -0.32927E-2  0.26038E-2 -0.25590E-2 -0.40137E-3 -0.67187E-3
  0.51289E-3 -0.27411E-3 -0.38519E-3  0.85265E-3 -0.65701E-3  0.43195E-4 -0.72677E-6 -0.43474E-3
  0.11131E-2  0.16919E-3 -0.21575E-2  0.53398E-2 -0.47138E-2 -0.15997E-2 -0.70696E-4 -0.10274E-2
 -0.34974E-2  0.14071E-2  0.19603E-2 -0.42767E-2  0.32924E-2 -0.12965E-2 -0.19873E-3 -0.36200E-4
  0.98612E-3 -0.65394E-3 -0.99794E-4  0.11123E-3 -0.88782E-6  0.82813E-3  0.97013E-4  0.16551E-3
 -0.19398E-2  0.10517E-2 -0.15141E-3  0.65441E-3 -0.80389E-3 -0.11860E-2 -0.93332E-4 -0.36746E-3
 -0.48592E-2  0.19900E-2  0.14326E-2 -0.26667E-2  0.16075E-2 -0.17541E-2 -0.15592E-3 -0.18078E-3
  0.41507E-4 -0.43510E-4  0.11646E-3 -0.24707E-3  0.19360E-3  0.72105E-4 -0.10351E-4  0.11617E-3
         0.0         0.0         0.0         0.0         0.0         0.0         0.0         0.0
     1658.10     1672.98     3639.88     3648.68     3650.69     3657.20     3664.16     3667.83
  0.39974E-4 -0.26618E-4  0.13402E-5 -0.62909E-6  0.42685E-6 -0.21316E-5 -0.34345E-5  0.11888E-5
 -0.22230E-4  0.14251E-4  0.13425E-4 -0.48979E-5 -0.43584E-5 -0.62826E-5  0.62854E-6 -0.78059E-5
  0.55345E-6 -0.31397E-6  0.17870E-6 -0.44935E-7  0.67398E-7 -0.89752E-7  0.22448E-7 -0.89723E-7
 -0.32050E-4 -0.12271E-4 -0.41677E-3  0.11647E-3 -0.51892E-3  0.51547E-3  0.65179E-3 -0.20210E-3
  0.80574E-3 -0.44212E-3  0.13103E-3 -0.40284E-4  0.11756E-3 -0.14464E-3 -0.18041E-3  0.40330E-4
  0.34448E-4 -0.19745E-4 -0.76616E-5  0.23366E-5 -0.72116E-5  0.87059E-5  0.10640E-4 -0.22655E-5
  0.97264E-4 -0.32871E-4 -0.25132E-3  0.15586E-3  0.71997E-3 -0.52841E-4 -0.25790E-3  0.50025E-3
 -0.87020E-3  0.45900E-3 -0.35199E-3  0.22775E-3  0.10747E-2 -0.77949E-4 -0.28982E-3  0.66516E-3
 -0.31438E-4  0.15760E-4 -0.14452E-4  0.93690E-5  0.44887E-4 -0.36798E-5 -0.13401E-4  0.28599E-4
  0.11160E-2 -0.65236E-3  0.33919E-3 -0.53136E-4  0.54967E-3 -0.28788E-3  0.44925E-3 -0.44603E-3
  0.12412E-2 -0.73552E-3 -0.53129E-3  0.74076E-4 -0.94105E-3  0.46424E-3 -0.70472E-3  0.68485E-3
  0.68292E-4 -0.39761E-4 -0.56513E-5  0.58416E-6 -0.11727E-4  0.51159E-5 -0.79465E-5  0.73124E-5
 -0.23959E-2  0.16256E-2  0.24593E-4 -0.51226E-5  0.23185E-4 -0.17816E-4  0.21572E-4 -0.28173E-4
 -0.14267E-2  0.92975E-3  0.26067E-4 -0.27410E-5  0.51964E-4 -0.23582E-4  0.32684E-4 -0.27590E-4
 -0.10254E-3  0.67329E-4  0.18316E-5 -0.31455E-6  0.24039E-5 -0.13912E-5  0.14367E-5 -0.21533E-5
  0.22319E-2 -0.15977E-2 -0.23744E-4  0.10964E-4  0.11166E-4  0.18915E-4 -0.28307E-4 -0.93536E-5
  0.13219E-2 -0.13311E-2 -0.32456E-4  0.20198E-4  0.21927E-4  0.46424E-4 -0.34951E-4 -0.33848E-4
  0.91118E-4 -0.73452E-4 -0.53609E-6  0.51676E-6  0.44932E-7  0.16380E-5 -0.26937E-5 -0.31179E-5
 -0.62213E-4  0.97584E-4  0.31495E-5 -0.20221E-5 -0.25611E-5 -0.44652E-5 -0.21325E-5 -0.13010E-5
  0.13417E-6  0.30150E-4 -0.92699E-5  0.19996E-5  0.56165E-6 -0.16828E-5 -0.78792E-5  0.29384E-5
  0.42766E-5 -0.13693E-5 -0.15636E-6  0.00000E+0 -0.44932E-7 -0.11219E-6 -0.38161E-6  0.67292E-7
  0.26194E-3 -0.21632E-2  0.16217E-4 -0.29882E-5 -0.24937E-5 -0.20194E-5 -0.17666E-4 -0.25795E-4
 -0.51389E-3  0.15747E-2 -0.11414E-4  0.28534E-5  0.24263E-5  0.62378E-5  0.22066E-4  0.24270E-4
 -0.14113E-4  0.36054E-4  0.15636E-6  0.44935E-7 -0.22466E-7  0.49364E-6  0.44895E-7 -0.51590E-6
 -0.26240E-3  0.86463E-3  0.26767E-3 -0.48193E-4 -0.13817E-4 -0.37943E-4 -0.45529E-3 -0.67705E-3
  0.62590E-3 -0.14190E-2  0.33906E-3 -0.37072E-4  0.18287E-4  0.21944E-4 -0.69375E-3 -0.10195E-2
  0.14792E-4 -0.35767E-4  0.11548E-4 -0.12133E-5  0.44932E-6  0.10321E-5 -0.24984E-4 -0.36001E-4
 -0.78761E-3  0.70229E-3 -0.37252E-3  0.20672E-3  0.23304E-3  0.45529E-3 -0.44150E-3 -0.26024E-3
 -0.99641E-3  0.11511E-2  0.59499E-3 -0.33621E-3 -0.38614E-3 -0.73278E-3  0.73779E-3  0.45918E-3
 -0.55244E-4  0.44785E-4  0.65671E-5 -0.46508E-5 -0.54817E-5 -0.10748E-4  0.15915E-4  0.13279E-4
  0.11566E-2 -0.28504E-2 -0.26299E-2  0.30799E-3 -0.10235E-3 -0.90447E-4  0.56056E-2  0.80566E-2
 -0.35811E-3  0.10224E-2 -0.38069E-2  0.41770E-3 -0.19134E-3 -0.21269E-3  0.82296E-2  0.11847E-1
  0.12417E-3 -0.27397E-3 -0.18551E-3  0.16064E-4 -0.13884E-4 -0.24188E-4  0.43279E-3  0.61449E-3
  0.13260E-2 -0.16142E-2  0.40217E-2 -0.23235E-2 -0.26693E-2 -0.51679E-2  0.54423E-2  0.35205E-2
  0.12342E-3 -0.10532E-3 -0.66354E-2  0.37737E-2  0.43418E-2  0.83250E-2 -0.84701E-2 -0.52338E-2
 -0.21584E-3  0.19056E-3 -0.24296E-3  0.12056E-3  0.14172E-3  0.24812E-3 -0.17756E-3 -0.32278E-4
 -0.43173E-3  0.22679E-3  0.45117E-2 -0.12111E-2  0.63340E-2 -0.58813E-2 -0.76069E-2  0.26314E-2
 -0.46588E-3  0.30871E-3 -0.12912E-2  0.34917E-3 -0.18074E-2  0.16905E-2  0.21577E-2 -0.78509E-3
 -0.37811E-4  0.37729E-4  0.71188E-4 -0.22243E-4  0.50706E-4 -0.70567E-4 -0.10923E-3  0.21758E-5
 -0.12333E-2  0.62697E-3  0.25389E-2 -0.17333E-2 -0.87538E-2  0.87268E-3  0.25676E-2 -0.53807E-2
 -0.58280E-5  0.28406E-4  0.36421E-2 -0.24823E-2 -0.12450E-1  0.11900E-2  0.35548E-2 -0.76011E-2
  0.13921E-3 -0.52974E-4  0.44250E-4 -0.47002E-4 -0.35903E-3  0.91457E-4  0.15776E-3 -0.22523E-3
 -0.26545E-2  0.15227E-2 -0.36465E-2  0.47395E-3 -0.68329E-2  0.32946E-2 -0.50001E-2  0.48020E-2
 -0.93942E-3  0.49755E-3  0.58858E-2 -0.79753E-3  0.10736E-1 -0.52574E-2  0.80628E-2 -0.77709E-2
  0.87436E-4 -0.56960E-4  0.10574E-3 -0.10829E-4  0.18894E-3 -0.59124E-4  0.26839E-3 -0.23711E-3
 -0.13212E-3  0.21451E-2 -0.14497E-4  0.90320E-5  0.10334E-4  0.21114E-4  0.15983E-4 -0.78507E-5
 -0.38496E-3 -0.16131E-2  0.85775E-5 -0.70773E-5 -0.31003E-5 -0.10164E-4 -0.10932E-4  0.94433E-5
  0.43353E-5 -0.17783E-4  0.11169E-5 -0.33701E-6 -0.65151E-6 -0.49364E-6 -0.15489E-5 -0.20636E-5
 -0.32595E-4 -0.76914E-3 -0.28681E-3  0.19075E-3  0.22005E-3  0.40615E-3  0.45937E-3 -0.13198E-3
  0.51467E-3  0.14761E-2 -0.34768E-3  0.27462E-3  0.33353E-3  0.66730E-3  0.67444E-3 -0.18608E-3
 -0.13895E-4  0.32461E-4  0.11169E-4 -0.78412E-5 -0.10379E-4 -0.17883E-4 -0.26039E-4  0.11888E-5
 -0.10278E-2 -0.87885E-3  0.58025E-3 -0.22872E-4  0.10426E-3  0.65115E-3  0.83146E-4  0.10717E-3
 -0.11181E-2 -0.12172E-2 -0.91625E-3  0.17615E-4 -0.17899E-3 -0.10663E-2 -0.16515E-3 -0.16495E-3
  0.36251E-4  0.34188E-4  0.62544E-5  0.10560E-5  0.17299E-5  0.11757E-4  0.13918E-5  0.22879E-5
  0.24979E-2  0.17178E-2  0.32076E-4 -0.39094E-5  0.63354E-5  0.29730E-4  0.13738E-4  0.18393E-4
  0.13771E-2  0.13046E-2  0.47935E-4 -0.15053E-5  0.14603E-4  0.59663E-4  0.18407E-4  0.85236E-5
 -0.51907E-4 -0.35339E-4  0.21667E-5 -0.62909E-6 -0.14828E-5 -0.19970E-5 -0.44671E-5 -0.57647E-5
 -0.57584E-4 -0.10731E-3 -0.28592E-5 -0.11234E-6  0.24713E-6 -0.80777E-6  0.12795E-5 -0.29160E-6
  0.74464E-5 -0.16780E-4  0.62097E-5  0.00000E+0 -0.10110E-5  0.23784E-5 -0.15489E-5  0.33646E-5
  0.10834E-4 -0.95761E-5  0.17870E-6 -0.51676E-6  0.40439E-6 -0.13687E-5  0.52528E-5  0.52712E-5
 -0.24344E-2 -0.16767E-2 -0.24258E-4  0.17839E-4  0.13480E-6 -0.10680E-4  0.19417E-4 -0.15208E-4
 -0.14590E-2 -0.99033E-3 -0.29641E-4  0.29208E-4 -0.14603E-5 -0.15729E-4  0.19642E-4 -0.22520E-4
  0.61584E-4  0.38645E-4  0.75946E-6  0.40442E-6  0.67398E-6  0.18624E-5  0.44895E-6 -0.76264E-6
  0.95694E-3  0.59751E-3 -0.40926E-3  0.34825E-3 -0.32351E-4 -0.21137E-3  0.23979E-3 -0.33509E-3
  0.11921E-2  0.74491E-3  0.59546E-3 -0.65122E-3  0.67016E-4  0.35560E-3 -0.37337E-3  0.53549E-3
 -0.62808E-5 -0.20757E-5 -0.22337E-5  0.79985E-5 -0.87617E-6 -0.42857E-5  0.37712E-5 -0.62357E-5
  0.21199E-3  0.12234E-3  0.51990E-3  0.72121E-3 -0.13307E-3 -0.11991E-3 -0.14593E-3  0.89610E-4
 -0.73613E-3 -0.41539E-3  0.72147E-3  0.10394E-2 -0.19285E-3 -0.19793E-3 -0.19319E-3  0.84586E-4
 -0.12159E-5  0.27036E-6 -0.29775E-4 -0.41857E-4  0.79754E-5  0.65743E-5  0.87995E-5 -0.67068E-5
 -0.56427E-4 -0.22589E-5 -0.33104E-4 -0.10227E-2  0.11282E-3  0.96259E-5 -0.80183E-4 -0.27758E-3
  0.64460E-3  0.35262E-3 -0.28078E-4  0.23690E-3 -0.19253E-4  0.13059E-4  0.34614E-4  0.80997E-4
 -0.11446E-4 -0.10945E-4  0.37973E-6  0.19659E-4 -0.12806E-5  0.17950E-5  0.29407E-5  0.43964E-5
  0.53299E-4  0.37711E-4 -0.16976E-5 -0.15053E-5  0.42685E-6  0.13014E-5  0.56119E-6  0.17272E-5
 -0.19379E-4 -0.94366E-5 -0.12933E-4 -0.25838E-5  0.15052E-5 -0.15707E-6  0.46467E-5 -0.43067E-5
 -0.85449E-5 -0.52067E-5 -0.55843E-6  0.13481E-6 -0.10110E-5 -0.91996E-6 -0.21325E-5  0.21533E-5
  0.86490E-3  0.28479E-2  0.26449E-2 -0.21259E-2 -0.26236E-2 -0.52606E-2 -0.53495E-2  0.14655E-2
 -0.71043E-4 -0.93614E-3  0.38490E-2 -0.31331E-2 -0.38643E-2 -0.78051E-2 -0.78455E-2  0.21339E-2
 -0.96325E-4 -0.50412E-3 -0.24321E-3  0.17626E-3  0.17312E-3  0.46467E-3  0.37490E-3 -0.29070E-4
  0.23548E-2  0.24294E-2 -0.64236E-2  0.12175E-3 -0.13100E-2 -0.76646E-2 -0.12609E-2 -0.11627E-2
  0.81769E-3  0.65559E-3  0.10249E-1 -0.18985E-3  0.20610E-2  0.12143E-1  0.19405E-2  0.18731E-2
 -0.31637E-3 -0.26888E-3  0.64800E-4 -0.13188E-4 -0.68970E-5  0.35452E-4 -0.45816E-4  0.73393E-4
 -0.22082E-2 -0.13910E-2  0.41281E-2 -0.46130E-2  0.48565E-3  0.25324E-2 -0.26215E-2  0.38731E-2
 -0.63060E-3 -0.38411E-3 -0.66481E-2  0.75260E-2 -0.79442E-3 -0.40696E-2  0.42288E-2 -0.60630E-2
 -0.47241E-3 -0.25811E-3  0.23246E-3 -0.26804E-3  0.27319E-4  0.11347E-3 -0.13635E-3  0.11114E-3
 -0.99057E-3 -0.57479E-3 -0.53953E-2 -0.85642E-2  0.15413E-2  0.15994E-2  0.14087E-2 -0.66913E-3
 -0.96266E-5  0.56864E-5 -0.79873E-2 -0.12079E-1  0.21891E-2  0.22012E-2  0.21210E-2 -0.10522E-2
  0.12774E-3  0.60256E-4  0.57427E-3  0.59476E-3 -0.11446E-3 -0.71667E-4 -0.17485E-3  0.11480E-3
 -0.30750E-3 -0.15179E-3  0.82355E-3  0.12111E-1 -0.13877E-2 -0.21350E-3  0.76325E-3  0.32246E-2
 -0.15525E-3 -0.10905E-3 -0.86668E-4 -0.32981E-2  0.37267E-3  0.64644E-4 -0.24780E-3 -0.89240E-3
  0.96744E-4  0.20033E-4 -0.57272E-4 -0.24755E-3  0.33766E-4  0.25355E-5  0.18677E-4 -0.86179E-4
         0.0         0.0         0.0         0.0
     3674.96     3686.81     3692.61     3707.37
  0.36786E-5 -0.44597E-5  0.15013E-5  0.26934E-6
  0.74022E-6 -0.44149E-5  0.15909E-5  0.63070E-5
 -0.89723E-7  0.17929E-6 -0.11204E-6  0.44890E-7
 -0.79627E-3  0.11307E-2 -0.53312E-3 -0.27340E-3
  0.23027E-3 -0.33773E-3  0.15806E-3  0.72699E-4
 -0.13414E-4  0.20349E-4 -0.97248E-5 -0.60152E-5
  0.80683E-4  0.37789E-3 -0.21197E-3 -0.35734E-3
  0.52667E-4  0.58290E-3 -0.32403E-3 -0.50041E-3
  0.34095E-5  0.23374E-4 -0.13131E-4 -0.21053E-4
 -0.29043E-3  0.82919E-6 -0.34171E-4  0.28153E-3
  0.46629E-3 -0.35588E-4  0.69978E-4 -0.43110E-3
  0.55628E-5 -0.87402E-6  0.76185E-6 -0.52745E-5
 -0.12673E-4 -0.44821E-5 -0.14117E-5  0.13175E-4
 -0.18461E-4  0.58940E-5 -0.79322E-5  0.10325E-5
 -0.89723E-6 -0.67232E-7 -0.38093E-6  0.22445E-6
 -0.13414E-4  0.70818E-5  0.17030E-5  0.38156E-4
 -0.14333E-4 -0.84936E-5  0.14363E-4  0.14365E-5
 -0.44862E-6  0.11205E-6 -0.60500E-6 -0.13691E-5
  0.96452E-6  0.13222E-5 -0.42574E-5 -0.10549E-5
 -0.32525E-5  0.70818E-5 -0.75961E-5  0.12502E-4
  0.67292E-7  0.67232E-7 -0.17926E-6  0.24689E-6
  0.66844E-5 -0.20394E-5 -0.11092E-4 -0.27001E-4
  0.44862E-7 -0.26893E-5  0.11249E-4 -0.90453E-5
 -0.67292E-7 -0.20170E-6  0.20167E-6 -0.80801E-6
  0.68548E-4  0.29582E-5 -0.29148E-3 -0.59342E-3
  0.75906E-4 -0.12662E-4 -0.38014E-3 -0.83295E-3
  0.23777E-5  0.15687E-6 -0.13803E-4 -0.29066E-4
 -0.22879E-3  0.48631E-5  0.16678E-3  0.50492E-3
  0.36670E-3 -0.79782E-5 -0.25197E-3 -0.79232E-3
  0.44413E-5  0.89643E-7 -0.94111E-6 -0.55888E-5
 -0.59065E-3 -0.72611E-5  0.31957E-2  0.66615E-2
 -0.85553E-3  0.16830E-4  0.46409E-2  0.98049E-2
 -0.36293E-4  0.30030E-5  0.22920E-3  0.47700E-3
  0.25850E-2 -0.63938E-4 -0.17197E-2 -0.55701E-2
 -0.42086E-2  0.92197E-4  0.29691E-2  0.94227E-2
 -0.13239E-3 -0.27341E-5  0.14083E-3  0.38796E-3
  0.92582E-2 -0.12981E-1  0.61400E-2  0.29815E-2
 -0.26528E-2  0.36834E-2 -0.17352E-2 -0.80144E-3
  0.12673E-3 -0.21516E-3  0.10816E-3  0.79163E-4
 -0.70928E-3 -0.43855E-2  0.25130E-2  0.40736E-2
 -0.90903E-3 -0.63290E-2  0.36045E-2  0.57899E-2
 -0.11660E-3 -0.48564E-4  0.46070E-4  0.14787E-3
  0.33419E-2 -0.30425E-3  0.53446E-3 -0.30863E-2
 -0.53546E-2  0.41007E-3 -0.81038E-3  0.50035E-2
 -0.21417E-3  0.12035E-4  0.27471E-4  0.27582E-3
 -0.58769E-5 -0.20820E-4  0.18172E-4 -0.17036E-4
 -0.13189E-4  0.10623E-4 -0.24200E-5  0.24173E-4
  0.89723E-6 -0.67232E-7 -0.12324E-5 -0.35912E-5
 -0.51591E-5 -0.39853E-3  0.44163E-3 -0.52054E-3
  0.35059E-4 -0.56706E-3  0.60852E-3 -0.74692E-3
 -0.58320E-6  0.20237E-4 -0.22676E-4  0.16542E-4
  0.40745E-3  0.14278E-3 -0.25639E-3  0.18647E-3
 -0.66287E-3 -0.20949E-3  0.38529E-3 -0.27773E-3
  0.67292E-5  0.24428E-5 -0.30250E-5  0.29852E-5
  0.19066E-4  0.84264E-5 -0.55122E-5  0.28056E-4
  0.23081E-4 -0.18377E-5 -0.54674E-5  0.39054E-5
  0.17272E-5  0.11205E-6 -0.34059E-5 -0.92473E-5
 -0.13010E-5 -0.23083E-5  0.21511E-5 -0.18854E-5
  0.42170E-5  0.54682E-5  0.21959E-5  0.60825E-5
  0.44862E-7 -0.19049E-5  0.30250E-5  0.70028E-5
  0.34140E-4  0.22635E-5 -0.88061E-5  0.92248E-5
  0.41273E-4  0.71490E-5 -0.25993E-5  0.59254E-5
 -0.11440E-5 -0.15015E-5  0.20839E-5 -0.39054E-5
  0.69058E-3  0.14679E-3 -0.17399E-3  0.16766E-3
 -0.11022E-2 -0.27993E-3  0.21399E-3 -0.25666E-3
  0.10789E-4  0.29358E-5 -0.22407E-6 -0.17956E-6
 -0.17285E-3  0.31178E-3  0.52734E-3 -0.84505E-4
 -0.16621E-3  0.50281E-3  0.78908E-3 -0.10951E-3
  0.98022E-5 -0.19699E-4 -0.31617E-4  0.22669E-5
  0.44754E-3  0.94369E-3  0.10979E-2 -0.69803E-4
 -0.13598E-3 -0.30528E-3 -0.34707E-3  0.20290E-4
 -0.80526E-5 -0.18556E-4 -0.17657E-4 -0.16160E-5
 -0.28711E-5 -0.58716E-5 -0.58483E-5  0.13467E-6
  0.59217E-5 -0.47286E-5 -0.80218E-5 -0.17956E-6
 -0.91966E-6  0.24204E-5 -0.10083E-5  0.46910E-5
 -0.29521E-3  0.45289E-2 -0.49301E-2  0.60364E-2
 -0.43399E-3  0.66354E-2 -0.72278E-2  0.88470E-2
  0.50851E-4 -0.32135E-3  0.37499E-3 -0.44930E-3
 -0.47654E-2 -0.14302E-2  0.27566E-2 -0.19124E-2
  0.75739E-2  0.23769E-2 -0.44828E-2  0.32324E-2
  0.11440E-5  0.92780E-4 -0.63995E-4  0.20315E-3
 -0.79487E-2 -0.20709E-2  0.15549E-2 -0.18706E-2
  0.12629E-1  0.33278E-2 -0.23642E-2  0.30862E-2
 -0.32240E-3 -0.11187E-3 -0.11764E-4 -0.11979E-3
  0.12719E-2 -0.38129E-2 -0.60572E-2  0.84024E-3
  0.21146E-2 -0.52909E-2 -0.86109E-2  0.13119E-2
 -0.25908E-3  0.24345E-3  0.47127E-3 -0.11301E-3
 -0.53265E-2 -0.10792E-1 -0.12514E-1  0.67720E-3
  0.14751E-2  0.31374E-2  0.36796E-2 -0.20723E-3
  0.18023E-3  0.23865E-3  0.25448E-3  0.21749E-4
