           1           3
   0.112144659D+02  -0.207355830D+01  -0.249826239D+00  -0.129184177D-03  -0.246662654D-04   0.319593101D-04
   0.136175026D+02   0.550694054D-01  -0.616966481D-01  -0.119177342D-03   0.286051123D-03   0.105891879D-03
   0.127852564D+02   0.239052574D+01   0.288291353D-01   0.701513561D-03   0.456898583D-03  -0.297852133D-03
   0.100608692D+02   0.271273009D+01  -0.395577682D-01  -0.116422123D-03  -0.564783586D-03   0.399024305D-05
   0.886532883D+01   0.314669347D+00  -0.304049379D+00   0.350261129D-03  -0.838483654D-04   0.183427048D-03
   0.617230982D+01  -0.335482727D+00  -0.158616979D+00  -0.539835483D-04   0.141415756D-03   0.354603533D-03
   0.378145628D+01   0.186403363D+01   0.269891949D-01  -0.148517055D-03   0.145684595D-03  -0.376386800D-04
   0.124438572D+01  -0.341970243D+00  -0.473182683D+00   0.450310928D-03  -0.155596621D-03  -0.148773165D-03
   0.236550333D+01  -0.281010496D+01  -0.395855467D+00  -0.241357578D-03  -0.818981541D-04   0.147646101D-05
   0.498658156D+01  -0.274618677D+01  -0.468259123D+00   0.326536294D-03  -0.128356842D-03   0.991087831D-04
   0.133735666D+01  -0.467286201D+01  -0.197487162D+00  -0.509317490D-03  -0.212087301D-02  -0.439239889D-03
   0.632477471D+01  -0.430354241D+01  -0.522151935D+00  -0.158529947D-02   0.103793389D-02  -0.155293345D-02
   0.156324478D+02  -0.629808293D+00   0.192618020D+00   0.172509657D-02   0.483678290D-03   0.123996128D-02
   0.139149444D+02   0.389589229D+01  -0.248729547D+00  -0.120032494D-02  -0.291741888D-02  -0.365503849D-03
   0.895207750D+01   0.414034402D+01   0.931659446D-01  -0.239687319D-02   0.201399593D-02   0.292583577D-03
  -0.136015431D+01   0.275600357D+00  -0.278963958D+00   0.851613820D-05   0.923180377D-04   0.487178162D-05
  -0.231570118D+01   0.278566893D+01  -0.422370849D+00  -0.861255605D-04  -0.308932932D-03   0.832721946D-04
  -0.498736304D+01   0.285036802D+01  -0.499503467D+00  -0.242151918D-03  -0.320707416D-04  -0.191100162D-03
  -0.604560702D+01   0.340955627D+00  -0.392589094D+00  -0.155821548D-04   0.407647795D-03  -0.630417294D-04
  -0.373010427D+01  -0.185548277D+01  -0.217407995D+00   0.691318381D-04  -0.423578132D-04   0.635295406D-04
  -0.871003300D+01  -0.151293917D+00  -0.286329952D+00  -0.246323453D-03  -0.693518792D-04   0.420887813D-04
  -0.991131311D+01  -0.250878771D+01  -0.630665526D-01   0.431915795D-04  -0.182366573D-03  -0.129257311D-03
  -0.125589486D+02  -0.237988768D+01  -0.968023799D-01  -0.897867572D-04   0.167728245D-03   0.738614669D-04
  -0.136853061D+02  -0.411660905D-04  -0.261024763D-01   0.176022358D-04  -0.406807095D-04  -0.294033417D-03
  -0.112873956D+02   0.220251639D+01  -0.228460122D+00   0.117429833D-04   0.215659313D-04   0.377821286D-04
  -0.135782159D+01   0.427574969D+01  -0.263615681D-01  -0.199805399D-02   0.168174076D-02   0.593376095D-03
  -0.611554559D+01   0.452594272D+01  -0.548524161D+00  -0.148433313D-03   0.285863767D-02   0.101515853D-02
  -0.851289171D+01  -0.405202628D+01   0.287701349D+00   0.570836759D-03  -0.276493422D-02   0.291347729D-03
  -0.133910126D+02  -0.405660732D+01   0.257047712D+00   0.140731294D-02   0.486054197D-03   0.112889437D-02
  -0.157435979D+02   0.411832584D+00  -0.304211908D+00   0.135571394D-04  -0.362482512D-03  -0.534077250D-03
           2           3
   0.112052122D+02  -0.228210270D+01  -0.529869448D+00   0.170333227D-04   0.124330433D-03   0.412698315D-04
   0.134453241D+02   0.590303769D-01  -0.141447317D+00  -0.454277660D-03  -0.556076317D-04  -0.515053190D-04
   0.126656735D+02   0.241022042D+01  -0.351578689D-01   0.212766370D-03  -0.106836905D-03   0.346891101D-06
   0.996772134D+01   0.246701968D+01  -0.817665971D-01  -0.116982935D-03  -0.202317946D-03   0.470053620D-04
   0.889097069D+01   0.366338294D-01  -0.282477104D+00   0.317508026D-03  -0.291325542D-03  -0.231793284D-03
   0.612161609D+01  -0.526599924D+00  -0.387116481D+00  -0.251617462D-03  -0.933325355D-04   0.318956683D-03
   0.386172338D+01   0.179330442D+01  -0.459543887D+00  -0.696539956D-04  -0.170280710D-03  -0.878102020D-05
   0.135278792D+01  -0.392645284D+00  -0.326668293D+00   0.328698248D-03  -0.798530884D-04   0.842101049D-04
   0.236919766D+01  -0.289426763D+01  -0.375790953D+00   0.205814072D-03  -0.336574407D-03  -0.860679524D-04
   0.492519989D+01  -0.285499734D+01  -0.490296869D+00   0.214624016D-03   0.490563921D-03  -0.216242046D-03
   0.124851999D+01  -0.460129670D+01   0.494763224D-01  -0.824301647D-03  -0.926311006D-03   0.215328941D-02
   0.626162352D+01  -0.462203694D+01  -0.804658616D+00  -0.219085755D-02   0.281455201D-02   0.475835479D-04
   0.155875652D+02  -0.553033541D+00  -0.463401879D+00   0.457611327D-02   0.810536822D-03   0.121369827D-02
   0.135524783D+02   0.406213047D+01   0.574807353D-01  -0.156383110D-02  -0.823819522D-03  -0.534445992D-03
   0.883461985D+01   0.438618889D+01  -0.203827105D+00   0.109905660D-02   0.116951914D-02  -0.155472760D-02
  -0.120026250D+01   0.272868096D+00  -0.468137211D+00  -0.537832258D-03   0.319079740D-03  -0.220710032D-03
  -0.231828326D+01   0.259316163D+01  -0.545239757D+00  -0.358022281D-03  -0.149321499D-03   0.973941714D-04
  -0.500930959D+01   0.282631503D+01  -0.392857637D+00   0.426824578D-03  -0.753837877D-04  -0.498808924D-03
  -0.614978164D+01   0.448075779D+00  -0.474018302D+00  -0.302008773D-03  -0.231402914D-03   0.115735499D-03
  -0.387981760D+01  -0.186986167D+01  -0.349505367D+00  -0.196161614D-04   0.181340829D-03  -0.542558551D-04
  -0.881806869D+01  -0.267045620D+00  -0.384643483D+00   0.148967174D-03   0.918260982D-04   0.115772075D-03
  -0.989203798D+01  -0.254923589D+01  -0.240078176D+00   0.809699673D-03  -0.309370888D-03  -0.125073584D-03
  -0.126183936D+02  -0.243359495D+01  -0.229367489D+00  -0.334361721D-03   0.111614545D-03   0.405332404D-04
  -0.134635243D+02  -0.333786262D-01   0.170410707D+00   0.131092466D-03   0.179647789D-04  -0.273680563D-03
  -0.112166761D+02   0.211764392D+01  -0.250697024D-01   0.611209134D-04   0.138348956D-03   0.618464280D-04
  -0.107432438D+01   0.421404403D+01  -0.315199021D+00  -0.155341690D-02  -0.154765140D-03   0.288638195D-02
  -0.572793271D+01   0.460043263D+01  -0.674492704D+00  -0.165902280D-02   0.274054131D-03   0.170882484D-02
  -0.930628637D+01  -0.467081381D+01  -0.334708289D+00  -0.128564245D-02   0.168394392D-02   0.286445704D-03
  -0.136949755D+02  -0.416956347D+01   0.177869037D+00   0.289293687D-03  -0.299205033D-02   0.115816859D-02
  -0.155140658D+02   0.514156466D+00   0.995576114D-02  -0.750116384D-04   0.302468654D-03   0.411092309D-03
           3           3
   0.112132271D+02  -0.218106079D+01  -0.148878937D+00  -0.812816456D-04   0.131038519D-03   0.181772263D-03
   0.136064883D+02   0.933832872D-02  -0.326443114D+00  -0.143379786D-03  -0.215479011D-04  -0.241829703D-03
   0.126879403D+02   0.242462683D+01  -0.400215777D+00   0.147864040D-03   0.307508478D-03  -0.237522568D-04
   0.101127323D+02   0.245679402D+01  -0.329467425D+00   0.160135401D-03  -0.170445587D-03   0.167636530D-03
   0.879952108D+01   0.181718603D+00  -0.206985936D+00   0.411756451D-03   0.156304543D-03  -0.389840981D-03
   0.611606867D+01  -0.300853547D+00  -0.207835146D+00  -0.207500128D-03   0.163356025D-03  -0.197156862D-03
   0.378101367D+01   0.173425379D+01  -0.100054703D+00  -0.992204537D-04  -0.315400890D-04  -0.108964497D-04
   0.136746160D+01  -0.399007496D+00  -0.279616841D+00   0.344460552D-03   0.596533453D-03   0.341212240D-03
   0.241277377D+01  -0.278686888D+01  -0.376593784D+00  -0.190417763D-04  -0.261601110D-03  -0.365412537D-03
   0.515168162D+01  -0.263214709D+01  -0.312954742D+00  -0.107817439D-03  -0.290546352D-03   0.263958978D-03
   0.163015942D+01  -0.451526566D+01  -0.442860484D+00   0.244814346D-04  -0.117729158D-02   0.963310326D-03
   0.620387375D+01  -0.459431815D+01  -0.185008801D+00  -0.203222865D-03  -0.156047414D-02  -0.382019791D-03
   0.151044881D+02  -0.109354476D+01  -0.236709324D+00  -0.980686206D-03   0.116102792D-03   0.146558884D-03
   0.138743146D+02   0.415409628D+01  -0.582832867D+00  -0.218894336D-02  -0.227134645D-02   0.913608717D-03
   0.896644221D+01   0.418608874D+01  -0.600580099D-01   0.520824353D-03  -0.131845253D-02   0.516806978D-03
  -0.143954842D+01   0.416734817D+00  -0.292610571D+00  -0.853215120D-04   0.205538520D-04   0.455047591D-03
  -0.242462371D+01   0.285339262D+01  -0.352591492D+00  -0.361216755D-03   0.151691257D-04  -0.585479844D-03
  -0.521329661D+01   0.295708021D+01  -0.425512942D+00   0.363983969D-03  -0.809983383D-03   0.798281930D-04
  -0.604998851D+01   0.520877798D+00  -0.395520624D+00  -0.416831900D-03   0.256958612D-03   0.664082685D-04
  -0.383518068D+01  -0.177694265D+01  -0.317717147D+00   0.448171317D-04   0.109903862D-03  -0.113633515D-03
  -0.892185195D+01  -0.117047512D+00  -0.376464450D+00   0.265912763D-03   0.474089556D-04  -0.151532488D-03
  -0.988168995D+01  -0.252863101D+01   0.649187170D-01   0.865006684D-04  -0.279164717D-03  -0.521522726D-04
  -0.126300631D+02  -0.232949428D+01  -0.430082058D-01  -0.190356280D-03   0.277465875D-03  -0.280356041D-04
  -0.134682548D+02  -0.295381845D-01  -0.765497911D-01   0.706430475D-03  -0.239545173D-04   0.453260576D-06
  -0.110908560D+02   0.202801866D+01  -0.261965152D+00  -0.224752841D-03  -0.444482216D-04  -0.216655404D-04
  -0.124943865D+01   0.465940966D+01  -0.518468499D+00   0.139899733D-03  -0.229749624D-02   0.120233400D-02
  -0.654074327D+01   0.452719353D+01  -0.429807374D+00  -0.393705862D-04   0.296208643D-02   0.231417995D-03
  -0.903282217D+01  -0.444359042D+01   0.179692141D+00   0.470796161D-03  -0.125260176D-02   0.340072432D-03
  -0.139519227D+02  -0.397358802D+01   0.309293188D+00  -0.178130079D-02   0.226318262D-02   0.119098759D-03
  -0.155400784D+02   0.670258632D+00  -0.311922224D-01   0.259336493D-02  -0.151879602D-02   0.186465441D-02
