NORMAL COORDINATES
         0.0         0.0         0.0         0.0         0.0         0.0         0.0         0.0
       62.56       78.77       94.36      106.41      110.77      118.90      125.14      141.39
  0.33851E+0 -0.22194E-1  0.60940E-1 -0.23564E-1  0.39960E-1  0.13069E+0 -0.10950E+0 -0.12227E-1
 -0.31545E-1  0.13428E+0 -0.10982E+0 -0.98702E-1  0.81760E-1  0.11852E+0  0.88364E-1 -0.62143E-1
  0.11081E-1  0.26901E+0  0.40459E+0 -0.62896E+0  0.78911E-1  0.17933E+0  0.45470E-1 -0.24604E-1
  0.65873E-1 -0.34495E-1  0.10713E-1  0.50985E-1  0.25999E-1  0.71433E-1  0.51539E-2 -0.19648E-2
  0.15057E+0  0.13096E+0 -0.21293E-1 -0.15558E+0  0.52012E-1  0.92880E-1 -0.20724E-1 -0.34101E-1
  0.82920E-1  0.19832E+0 -0.11109E+0 -0.19141E+0  0.11861E+0  0.27555E+0 -0.64586E-1 -0.13547E+0
 -0.10335E+0 -0.77233E-1  0.19123E-1  0.11418E+0  0.19336E-1  0.46970E-1  0.78558E-1  0.19317E-2
  0.90469E-1  0.11872E+0 -0.19381E-1 -0.14071E+0  0.51676E-1  0.97547E-1  0.51877E-2 -0.33712E-1
  0.17192E+0  0.23321E+0 -0.44166E+0  0.91232E-1  0.12632E+0  0.22581E+0 -0.56883E-1 -0.11668E+0
 -0.10989E+0 -0.77268E-1  0.20691E-1  0.10231E+0  0.19686E-1  0.43360E-1  0.83207E-1  0.24605E-2
 -0.10593E+0  0.79460E-1 -0.23299E-1 -0.63405E-1  0.54054E-1  0.89245E-1  0.95289E-1 -0.35713E-1
  0.14466E+0  0.23027E+0 -0.43444E+0  0.17393E+0  0.71910E-1  0.36881E-1  0.41843E-1 -0.31396E-2
  0.50575E-1 -0.51340E-1  0.22419E-1  0.27978E-1  0.15972E-1  0.57846E-1  0.86022E-2  0.50521E-2
 -0.17413E+0  0.70954E-1 -0.59950E-1 -0.25318E-1  0.57358E-1  0.84084E-1  0.12894E+0 -0.37092E-1
  0.42902E-1  0.19081E+0 -0.81734E-1 -0.34945E-1  0.28345E-1 -0.42258E-1  0.10662E+0  0.57322E-1
  0.47681E-1 -0.59793E-1  0.62058E-2  0.11237E-1  0.14195E-1  0.62102E-1  0.19917E-1  0.57810E-2
 -0.16519E+0  0.76621E-1 -0.71659E-1 -0.21526E-1  0.43561E-1  0.64642E-1  0.10504E+0 -0.64117E-2
 -0.60330E-1  0.17437E+0 -0.85905E-2  0.98979E-2 -0.54679E-2 -0.14395E+0  0.16723E+0  0.10212E+0
  0.20730E+0 -0.10117E+0 -0.16610E-1 -0.40918E-1 -0.63172E-1 -0.38573E-1 -0.58901E-1  0.14920E+0
 -0.75522E-1  0.13393E+0 -0.82730E-1 -0.64177E-1 -0.17728E-1 -0.27145E-1  0.87151E-2  0.10359E+0
 -0.33219E+0 -0.10875E-1 -0.18523E+0 -0.14158E+0 -0.40798E-1  0.15684E+0  0.48726E+0  0.30281E+0
  0.40545E-1 -0.60824E-1 -0.25116E-1 -0.17998E-1  0.31900E-2  0.34758E-1  0.43638E-1  0.34807E-1
  0.51467E-1  0.89707E-1 -0.61636E-1 -0.72884E-1 -0.57878E-1 -0.10582E+0 -0.40750E-1  0.16067E+0
 -0.22806E+0  0.41158E-1 -0.44270E-1  0.40500E-2 -0.23321E-1 -0.37836E-2  0.41051E-1  0.62226E-1
 -0.46456E-1 -0.73352E-1 -0.21308E-1  0.71913E-2  0.50396E-1  0.12746E+0  0.10279E+0 -0.53753E-1
  0.25712E-1  0.67245E-1 -0.56135E-1 -0.69179E-1 -0.34174E-1 -0.59202E-1 -0.20865E-1  0.13062E+0
 -0.18441E+0  0.22313E+0  0.45174E-1  0.93631E-1 -0.45610E-2 -0.22674E+0 -0.13164E-1 -0.79063E-2
 -0.56846E-1 -0.60850E-1 -0.19883E-1  0.18547E-1  0.55499E-1  0.13715E+0  0.10368E+0 -0.60785E-1
 -0.10864E+0  0.56826E-1 -0.69822E-1 -0.42548E-1  0.22507E-1  0.43088E-1  0.67526E-1  0.26862E-1
 -0.87986E-1  0.30639E+0  0.77847E-1  0.10001E+0  0.30590E-2 -0.31362E+0  0.45260E-1  0.20153E-1
 -0.31890E-1 -0.25481E-1 -0.73427E-2  0.60192E-2  0.27171E-1  0.59833E-1  0.46576E-1 -0.31514E-1
  0.22600E-1  0.17755E-1 -0.14787E-1 -0.25084E-1 -0.17047E-1 -0.30515E-1 -0.16007E-1  0.50043E-1
 -0.61084E-1  0.96583E-1  0.21462E-1  0.41318E-1  0.26928E-2 -0.91771E-1 -0.35849E-1 -0.20278E-1
 -0.47600E-1 -0.58594E-2 -0.74875E-2  0.11399E-1  0.30868E-1  0.64998E-1  0.51776E-1 -0.35081E-1
 -0.50999E-1  0.19158E-1 -0.21183E-1 -0.10939E-1  0.15678E-1  0.28867E-1  0.33464E-1 -0.38798E-2
 -0.10656E-1  0.13951E+0  0.40191E-1  0.46583E-1  0.10037E-1 -0.12918E+0 -0.48971E-2 -0.12766E-1
  0.32425E-1 -0.53694E-2  0.20903E-2  0.11058E-1  0.80176E-2  0.23242E-1 -0.45551E-2 -0.38108E-3
  0.86668E-1  0.47818E-1 -0.14117E-2 -0.64048E-1  0.14770E-1  0.30208E-1 -0.27406E-1 -0.10069E-1
  0.32645E-1  0.65270E-1 -0.15094E-1 -0.10122E+0  0.44255E-1  0.11727E+0 -0.40625E-1 -0.60782E-1
 -0.63932E-1 -0.29770E-1  0.10350E-2  0.53187E-1  0.50631E-2  0.98410E-2  0.39148E-1  0.22492E-2
  0.50420E-1  0.40902E-1 -0.10893E-2 -0.55396E-1  0.15301E-1  0.32056E-1 -0.10515E-1 -0.10692E-1
  0.73815E-1  0.71545E-1 -0.18076E+0  0.63330E-1  0.44160E-1  0.85119E-1 -0.36770E-1 -0.47998E-1
 -0.70353E-1 -0.27505E-1 -0.87503E-3  0.39981E-1  0.69191E-2  0.88388E-2  0.45259E-1  0.15450E-2
 -0.55344E-1  0.19304E-1 -0.59224E-2 -0.13250E-1  0.15526E-1  0.24686E-1  0.39545E-1 -0.93582E-2
  0.50579E-1  0.75611E-1 -0.19958E+0  0.11147E+0  0.20682E-1 -0.86460E-2  0.23028E-1  0.77530E-2
  0.40877E-1 -0.69816E-1 -0.28711E-1 -0.28879E-1 -0.31566E-3  0.27490E-1  0.54377E-1  0.62222E-1
  0.58917E-1  0.47602E-1 -0.49451E-1 -0.69974E-1 -0.71807E-1 -0.98197E-1 -0.43743E-1  0.19542E+0
 -0.19579E+0 -0.32568E-1 -0.81694E-1 -0.39633E-1 -0.39702E-1  0.78108E-1 -0.13677E+0  0.96946E-1
 -0.27403E-1 -0.12701E+0 -0.11983E-1 -0.43690E-5  0.64692E-1  0.10820E+0  0.49236E-1  0.24771E-1
  0.27757E-1  0.25553E-1 -0.39690E-1 -0.53586E-1 -0.52145E-1 -0.58229E-1 -0.48395E-1  0.17811E+0
 -0.94486E-1  0.63268E-1  0.33776E-1  0.86598E-1  0.21185E-1  0.20487E+0 -0.24662E+0  0.38207E+0
 -0.25794E-1 -0.13438E+0 -0.15725E-1 -0.49555E-2  0.67383E-1  0.10675E+0  0.55439E-1  0.21781E-1
 -0.64597E-1 -0.57594E-1 -0.14949E-1 -0.82235E-2  0.17102E-1  0.64264E-1 -0.66329E-1  0.98144E-1
  0.25404E-1  0.42225E-1  0.17627E-1  0.42777E-1  0.18306E-1  0.13972E+0 -0.27105E+0  0.40543E+0
  0.47734E-1 -0.68026E-1 -0.42291E-1 -0.48994E-1 -0.26657E-2  0.40608E-2  0.81578E-1  0.84764E-1
 -0.95875E-1 -0.85579E-1  0.32832E-2  0.19974E-1  0.48165E-1  0.11871E+0 -0.80245E-1  0.66574E-1
  0.14226E-1 -0.82489E-1 -0.11201E+0 -0.12147E+0 -0.38338E-1 -0.27391E-1 -0.18703E+0  0.12229E+0
  0.17285E+0 -0.20753E-1 -0.10136E+0 -0.13417E+0 -0.88585E-1 -0.13066E+0  0.14419E+0  0.20643E+0
 -0.14619E-1 -0.28542E-1 -0.16706E-1 -0.24056E-1  0.24880E-1  0.53570E-2 -0.86370E-1  0.21550E+0
 -0.26467E+0 -0.31144E+0 -0.42449E+0 -0.43563E+0 -0.22637E+0 -0.16492E+0 -0.28728E+0 -0.26059E+0
  0.55218E-1 -0.64260E-1 -0.48142E-1 -0.58289E-1 -0.19056E-1 -0.57380E-2  0.89580E-1  0.10521E+0
 -0.10508E+0 -0.91991E-1  0.27751E-1  0.54135E-1  0.89491E-1  0.15203E+0 -0.78526E-1  0.90811E-2
  0.10287E+0 -0.11582E+0 -0.82104E-1 -0.10788E+0  0.33516E-1 -0.89592E-1 -0.38372E-1  0.73448E-1
 -0.28389E-1 -0.77350E-1 -0.26583E-1 -0.16381E-1 -0.45590E-1  0.11251E+0  0.18679E-1  0.12380E+0
 -0.68931E-1 -0.90808E-1  0.19833E-1  0.36412E-1  0.12944E+0  0.93344E-1 -0.50853E-1  0.24184E-2
  0.67601E-1 -0.17208E+0 -0.72120E-1 -0.11396E+0  0.41283E+0 -0.19767E+0 -0.22930E-1  0.88775E-1
 -0.31762E-1 -0.82649E-1 -0.24816E-1 -0.14934E-1 -0.21410E-1  0.10953E+0  0.17625E-1  0.12546E+0
  0.44150E-1 -0.69990E-1 -0.92928E-2 -0.20427E-1  0.14532E+0 -0.60589E-1  0.54774E-1 -0.15010E-1
  0.58249E-1 -0.19105E+0  0.16889E-1  0.32724E-2  0.44630E+0 -0.81503E-1  0.10103E+0  0.26142E-1
  0.67960E-1 -0.67982E-1 -0.49937E-1 -0.63276E-1 -0.15046E-1 -0.15891E-1  0.11118E+0  0.11435E+0
  0.82289E-1 -0.57667E-1 -0.19631E-1 -0.39210E-1  0.12797E+0 -0.10474E+0  0.86094E-1 -0.17728E-1
  0.93439E-1 -0.14491E+0  0.73896E-1  0.95033E-1  0.82997E-1  0.10169E+0  0.19106E+0 -0.48936E-1
  0.24051E+0 -0.82132E-1 -0.11820E+0 -0.17296E+0 -0.12152E-1 -0.20958E+0  0.28891E+0  0.16492E+0
 -0.39242E-1 -0.10094E+0  0.75083E-2  0.13678E-1  0.17785E+0  0.36798E-1 -0.11147E-1 -0.13983E-1
  0.26115E+0 -0.13917E+0  0.37652E-1  0.66866E-1 -0.51516E+0  0.21828E+0  0.23671E+0 -0.40049E-1
 -0.24953E-1 -0.49928E-1  0.11546E-2  0.78105E-2  0.41791E-1  0.50302E-1  0.79157E-2  0.16214E-2
  0.18644E-1  0.18393E-1 -0.13380E-1 -0.19003E-1 -0.29745E-1 -0.28135E-1 -0.10759E-1  0.58326E-1
 -0.22549E-1  0.46875E-1  0.40616E-1  0.61839E-1  0.18648E-1  0.86285E-1 -0.77896E-1  0.14707E+0
 -0.22235E-1 -0.55447E-1  0.74465E-3  0.75509E-2  0.36382E-1  0.53561E-1  0.11570E-1 -0.36339E-2
 -0.28166E-1 -0.26773E-1 -0.12647E-2  0.28399E-2  0.14017E-1  0.32035E-1 -0.20628E-1  0.19370E-1
  0.35372E-1  0.30447E-1  0.32385E-1  0.41601E-1  0.28276E-1  0.61413E-1 -0.86415E-1  0.17887E+0
 -0.30004E-1 -0.28029E-1 -0.27961E-2  0.58581E-2 -0.18519E-1  0.63520E-1 -0.12195E-1  0.37219E-1
 -0.33730E-1 -0.31832E-1  0.79809E-2  0.15912E-1  0.40697E-1  0.44092E-1 -0.26463E-1  0.34094E-2
  0.10333E-1 -0.49604E-1 -0.29398E-1 -0.47721E-1  0.18125E+0 -0.92127E-1 -0.31450E-1  0.37432E-1
 -0.35742E-1 -0.26387E-1  0.30587E-2  0.12642E-1 -0.31913E-2  0.64616E-1 -0.19902E-1  0.34340E-1
  0.30907E-1 -0.19816E-1 -0.91973E-2 -0.17182E-1  0.46490E-1 -0.41789E-1  0.33697E-1 -0.32909E-2
  0.46970E-2 -0.64964E-1  0.13120E-1  0.87740E-2  0.20541E+0 -0.35221E-1  0.28902E-1  0.38440E-2
  0.27075E-1 -0.19717E-1 -0.15669E-1 -0.21013E-1 -0.24044E-2 -0.13059E-1  0.39914E-1  0.31767E-1
  0.47836E-1 -0.15314E-1 -0.10997E-1 -0.22142E-1  0.43501E-1 -0.60717E-1  0.47291E-1 -0.87390E-2
  0.29419E-1 -0.43163E-1  0.40451E-1  0.53805E-1  0.60551E-2  0.60233E-1  0.84907E-1 -0.32117E-1
         0.0         0.0         0.0         0.0         0.0         0.0         0.0         0.0
      191.51      207.93      247.46      328.98      338.67      348.31      401.60      416.84
  0.39206E+0  0.32171E-1  0.90389E-1  0.23517E-1 -0.23281E+0 -0.29583E+0  0.31097E-1  0.15556E+0
 -0.66360E-1  0.58497E-1 -0.43322E-2  0.15145E+0  0.38528E-1  0.24781E+0 -0.28442E+0 -0.89621E-1
  0.11452E-1  0.97224E-1 -0.16927E+0 -0.12697E+0 -0.96206E-1  0.88658E-1  0.56833E-1 -0.24092E-1
  0.21131E+0  0.62299E-1  0.53719E-1  0.84183E-1 -0.13436E+0 -0.63579E-1 -0.81080E-1  0.63762E-1
 -0.27970E-2  0.11110E-1 -0.33067E-1 -0.29551E-1 -0.67729E-2 -0.63330E-2  0.35405E-1  0.41593E-2
 -0.85964E-1 -0.23228E+0  0.31402E+0  0.19349E+0  0.13571E+0 -0.74892E-1 -0.98338E-1  0.15480E-1
  0.16821E+0  0.98722E-1  0.53126E-1  0.14537E+0 -0.10313E+0  0.54435E-1 -0.15404E+0  0.26580E-1
 -0.23397E-1  0.14359E-1 -0.21702E-1  0.19725E-2  0.16539E-1  0.45572E-1 -0.34969E-2 -0.16534E-1
 -0.47708E-1 -0.11783E+0  0.13489E+0  0.36940E-1  0.17598E-1 -0.21957E-1  0.12277E-1  0.38365E-2
  0.16141E+0  0.95103E-1  0.50589E-1  0.13393E+0 -0.84931E-1  0.54994E-1 -0.14001E+0  0.12840E-1
 -0.66532E-1  0.53970E-1  0.13393E-2  0.98107E-1  0.50847E-1  0.17999E+0 -0.97426E-1 -0.51048E-1
  0.18231E-1  0.18305E+0 -0.28278E+0 -0.18573E+0 -0.11948E+0  0.11920E+0  0.70953E-1 -0.35957E-1
  0.16868E+0  0.35098E-1  0.36310E-1  0.19123E-1 -0.42213E-1 -0.24689E-1 -0.53385E-2 -0.94478E-2
 -0.75856E-1  0.69733E-1 -0.11580E-2  0.10196E+0  0.31317E-1  0.18077E+0 -0.93298E-1 -0.38910E-1
  0.61271E-1  0.26971E+0 -0.31230E+0 -0.69152E-1 -0.68955E-1  0.74498E-1 -0.64690E-1  0.13388E-2
  0.12158E+0  0.21391E-1  0.13844E-1 -0.13389E-1  0.46727E-1  0.79631E-1 -0.64915E-4 -0.97373E-1
 -0.32756E-2  0.51045E-1 -0.28701E-1 -0.61291E-1 -0.75146E-1 -0.14394E+0  0.14956E+0  0.91196E-1
  0.65451E-1  0.21815E+0 -0.10937E+0  0.16843E+0  0.94998E-1 -0.79248E-1 -0.16232E+0  0.52443E-1
  0.23242E+0 -0.10944E+0 -0.14699E-1 -0.14997E+0  0.35271E+0  0.21119E+0 -0.18582E+0 -0.51215E+0
  0.62450E-1 -0.56903E-1 -0.10282E+0 -0.26731E+0  0.36156E-1 -0.36798E+0  0.10620E+0 -0.58683E-1
  0.33326E+0 -0.23122E-1  0.23766E+0  0.58854E-1  0.10082E+0 -0.13608E+0  0.66282E-1 -0.47809E-1
  0.34193E-1 -0.53347E-2 -0.29777E-1 -0.77747E-1  0.14753E+0  0.76102E-1  0.62950E-1 -0.77051E-1
  0.13075E+0 -0.80639E-1 -0.30081E-1 -0.77366E-1  0.93592E-1 -0.12048E+0 -0.12362E+0 -0.13786E+0
  0.22964E-1 -0.26559E+0  0.12283E+0 -0.27346E+0 -0.13366E+0  0.90548E-1  0.54176E-1 -0.46705E-1
  0.30862E-1  0.70662E-1 -0.21962E-1 -0.62304E-1  0.51887E-1  0.78328E-1  0.17572E+0 -0.24075E-1
  0.12917E+0 -0.54189E-1 -0.37886E-1 -0.94675E-1  0.60028E-1 -0.15713E+0 -0.12419E+0 -0.14157E+0
 -0.12699E+0 -0.20956E+0  0.19758E+0 -0.16185E+0  0.30031E-2  0.26823E-1  0.18202E+0 -0.10534E+0
  0.35997E-1  0.81419E-1 -0.12453E-1 -0.42521E-1  0.22021E-1  0.86090E-1  0.19677E+0 -0.27570E-2
  0.48147E-1  0.17387E-1 -0.36657E-1 -0.99673E-1 -0.62954E-1 -0.17362E+0  0.91108E-1  0.32631E-1
 -0.97402E-1  0.83339E-1  0.58063E-1  0.21047E+0  0.14599E+0 -0.13906E+0 -0.80198E-1  0.45068E-1
  0.54986E-2  0.36696E-1 -0.47525E-2 -0.17495E-1 -0.85057E-2  0.27432E-1  0.86756E-1  0.18788E-1
  0.43429E-1 -0.25784E-1 -0.12524E-1 -0.28897E-1  0.34789E-1 -0.48520E-1 -0.67168E-1 -0.60864E-1
 -0.72919E-1 -0.94302E-1  0.72322E-1 -0.77901E-1 -0.75016E-2  0.27912E-1  0.94701E-1 -0.46041E-1
 -0.12821E-3  0.45156E-1 -0.34789E-2 -0.12967E-1 -0.30260E-1 -0.43543E-2  0.12660E+0  0.59498E-1
  0.85435E-2  0.16309E-1 -0.10082E-1 -0.32737E-1 -0.40777E-1 -0.66862E-1  0.68053E-1  0.43988E-1
 -0.57936E-1  0.56669E-1  0.69679E-2  0.11438E+0  0.50043E-1 -0.53499E-1 -0.31698E-1  0.45451E-1
  0.63900E-1  0.15382E-1  0.14539E-1  0.16895E-1 -0.41643E-1 -0.28924E-1 -0.11679E-1  0.22503E-1
  0.61951E-2 -0.90605E-2 -0.11594E-1 -0.34982E-1 -0.75528E-2 -0.41816E-1  0.51381E-1  0.14770E-1
 -0.49837E-1 -0.13316E+0  0.17215E+0  0.97825E-1  0.80320E-1 -0.53713E-1 -0.34526E-1  0.12829E-1
  0.43469E-1  0.39920E-1  0.13702E-1  0.55284E-1 -0.27945E-1  0.41806E-1 -0.59528E-1  0.10483E-2
 -0.29298E-2 -0.40310E-2 -0.48109E-2 -0.84910E-2  0.28313E-2 -0.53220E-2  0.96496E-2  0.63213E-3
 -0.16892E-1 -0.69535E-1  0.84428E-1  0.26341E-1  0.97357E-2 -0.35566E-1  0.11293E-1  0.13800E-1
  0.38387E-1  0.38340E-1  0.15155E-1  0.59559E-1 -0.18658E-1  0.50470E-1 -0.70271E-1 -0.74285E-2
 -0.24086E-1  0.20379E-1  0.30729E-2  0.43231E-1  0.18518E-1  0.72664E-1 -0.48576E-1 -0.20403E-1
  0.82720E-2  0.81804E-1 -0.12271E+0 -0.82348E-1 -0.44628E-1  0.56456E-1  0.46447E-1 -0.19557E-1
 -0.32070E-1 -0.17459E-1 -0.25791E-1 -0.41030E-1  0.13218E+0  0.10477E+0  0.10278E+0  0.62188E-1
  0.87772E-1 -0.78585E-1  0.41831E-1  0.97948E-1 -0.27380E-1  0.12162E+0  0.28002E-1  0.15287E+0
  0.22679E-1 -0.25232E+0 -0.10289E+0 -0.19743E+0 -0.19390E+0  0.11869E+0 -0.19909E+0  0.88982E-1
 -0.15950E+0  0.40874E-1 -0.34710E-1 -0.64808E-1  0.73299E-1  0.28805E-1  0.11589E+0 -0.26398E-1
  0.47981E-1 -0.57989E-1  0.45167E-1  0.10527E+0 -0.81690E-1  0.12633E+0  0.44275E-1  0.14531E+0
 -0.21170E-1 -0.16739E+0 -0.18256E+0 -0.95233E-2 -0.11078E+0  0.10015E+0 -0.18835E+0  0.14018E+0
 -0.18220E+0  0.57773E-1 -0.31186E-1 -0.63229E-1  0.77213E-1 -0.10134E-1  0.11469E+0 -0.48756E-1
 -0.59873E-1  0.36768E-1  0.48926E-1  0.63374E-1 -0.16916E+0  0.50584E-1  0.66668E-1 -0.95398E-1
 -0.67945E-1  0.13079E+0 -0.52309E-1  0.24305E+0  0.13037E+0 -0.63472E-1  0.20328E+0 -0.10006E+0
 -0.12847E+0 -0.17236E-1 -0.30944E-1 -0.21495E-1  0.81499E-1 -0.93946E-2  0.28021E-1  0.90894E-1
 -0.83185E-1  0.77539E-1  0.43074E-1  0.30788E-1 -0.13661E+0  0.15574E-1  0.64562E-1 -0.15080E+0
 -0.49312E-1  0.24720E+0  0.95960E-1  0.12011E+0  0.13568E+0 -0.80178E-1  0.22436E+0 -0.13391E+0
 -0.14790E-1 -0.14917E+0 -0.59636E-1 -0.60078E-2  0.33259E+0  0.20172E+0  0.13806E+0  0.54626E+0
  0.25707E-1  0.16380E-1  0.13831E+0  0.14242E+0 -0.25367E+0  0.26702E+0  0.22196E+0 -0.87032E-2
  0.83067E-1 -0.15515E-1 -0.21313E+0  0.18842E+0 -0.47475E-2 -0.53685E-1 -0.16560E-1  0.35815E-1
 -0.16755E+0 -0.14723E-1 -0.12351E-1  0.10922E-1 -0.38900E-1 -0.55436E-1 -0.24185E-1  0.27834E-2
 -0.56505E-1  0.77328E-1 -0.27128E-1 -0.87295E-1  0.15438E+0 -0.92633E-1 -0.81280E-1  0.75268E-1
 -0.54360E-1  0.26862E+0  0.27772E+0 -0.15282E+0  0.20292E-1  0.40923E-1  0.26945E-1 -0.17833E-2
 -0.22885E+0  0.48894E-1 -0.17590E-1 -0.30578E-1 -0.28606E-2 -0.17070E+0 -0.15630E+0  0.23623E-1
 -0.27739E-1  0.50435E-1 -0.27056E-1 -0.85387E-1  0.15838E+0 -0.72300E-1 -0.76104E-1  0.95951E-1
 -0.44919E-2  0.16064E+0  0.24600E+0 -0.22902E+0 -0.46662E-1  0.76425E-1 -0.14173E+0  0.10529E+0
 -0.23306E+0  0.46467E-1 -0.21689E-1 -0.32286E-1 -0.99311E-2 -0.19221E+0 -0.18723E+0  0.19726E-1
  0.17041E-1 -0.45727E-1 -0.29261E-1 -0.31394E-2  0.28545E-1  0.41160E-2  0.98106E-2  0.16086E-1
  0.34767E-1 -0.17331E+0 -0.13185E+0  0.60650E-1 -0.72598E-2 -0.22496E-1 -0.20030E-1  0.10055E-1
 -0.20697E+0 -0.29963E-1 -0.22280E-1  0.37928E-1 -0.12382E+0 -0.13842E+0 -0.12105E+0 -0.54929E-1
  0.24826E-1 -0.65426E-1 -0.20223E-1  0.25399E-1 -0.25268E-1  0.27380E-1  0.40000E-1 -0.23140E-1
  0.18279E-1 -0.28281E+0 -0.30262E+0  0.22614E+0  0.62167E-1 -0.65954E-1  0.16662E+0 -0.96826E-1
 -0.27351E+0 -0.13083E+0 -0.29844E-2  0.13893E+0 -0.36155E+0 -0.94894E-1 -0.61238E-1 -0.19431E+0
 -0.19254E-1  0.37679E-2 -0.55332E-1 -0.90340E-1  0.16942E+0 -0.12046E+0 -0.16575E+0  0.15268E+0
 -0.10778E+0  0.77403E-1  0.12685E+0 -0.16962E+0 -0.25768E-1  0.59730E-1 -0.11686E+0  0.90734E-1
 -0.68067E-1  0.22044E-1 -0.16118E-1 -0.25035E-1  0.97408E-2 -0.91321E-2  0.36237E-1 -0.44392E-1
  0.30104E-1 -0.27529E-1  0.15145E-1  0.33719E-1 -0.17134E-1  0.51271E-1  0.83675E-2  0.72098E-1
  0.85015E-2 -0.81054E-1 -0.68164E-1 -0.26384E-1 -0.32552E-1  0.50989E-1 -0.81983E-1  0.68412E-1
 -0.73083E-1  0.37774E-1 -0.47617E-2 -0.22579E-1  0.14265E-2 -0.14247E-1  0.46625E-1 -0.70094E-1
 -0.29058E-1  0.22957E-1  0.17141E-1  0.14337E-1 -0.62493E-1  0.87011E-2  0.27205E-1 -0.61127E-1
 -0.40657E-1  0.69985E-1 -0.29032E-2  0.10693E+0  0.55721E-1 -0.43959E-1  0.92884E-1 -0.62668E-1
 -0.74828E-1  0.26223E-1 -0.12510E-1 -0.23188E-1  0.30008E-1 -0.69940E-1 -0.67745E-1  0.27410E-1
 -0.14481E-1  0.23728E-1 -0.10485E-1 -0.35771E-1  0.64167E-1 -0.34838E-1 -0.39854E-1  0.41226E-1
  0.72909E-2  0.71608E-1  0.10525E+0 -0.85848E-1 -0.32534E-1  0.28619E-1 -0.63453E-1  0.32949E-1
 -0.65650E-1  0.28573E-1 -0.11087E-1 -0.23767E-1  0.30469E-1 -0.67037E-1 -0.66749E-1  0.22618E-1
  0.52471E-2 -0.26683E-1 -0.78308E-2  0.10989E-1 -0.14855E-1  0.88357E-2  0.11847E-1 -0.80321E-2
  0.29549E-1 -0.88759E-1 -0.77775E-1  0.44440E-1  0.24325E-2 -0.14802E-1 -0.19990E-2 -0.34747E-2
 -0.57321E-1 -0.16028E-1 -0.84070E-2  0.17965E-1 -0.44037E-1 -0.34782E-1 -0.26238E-1 -0.23940E-1
  0.16614E-1 -0.37650E-1 -0.55058E-2  0.25709E-1 -0.36281E-1  0.28423E-1  0.39212E-1 -0.31395E-1
  0.13852E-1 -0.14948E+0 -0.16637E+0  0.12996E+0  0.32254E-1 -0.36955E-1  0.92832E-1 -0.60128E-1
         0.0         0.0         0.0         0.0         0.0         0.0         0.0         0.0
      425.15      501.85      535.03      559.80      605.08      634.23      652.35      665.33
  0.40058E-1 -0.99237E-1  0.17493E-2  0.47525E-1  0.38620E-1 -0.22372E-1  0.58182E-2 -0.15547E-1
  0.15124E+0 -0.24846E+0 -0.83887E-2  0.12671E+0  0.24120E-1  0.14966E+0  0.21714E+0 -0.20949E+0
  0.15474E+0  0.79344E-2 -0.20333E+0 -0.14304E+0 -0.11019E+0  0.47530E-1  0.66490E-2 -0.26721E-1
  0.98497E-1 -0.13492E+0 -0.52647E-1  0.24757E-1  0.78323E-2  0.31257E-1  0.51131E-1 -0.54651E-1
 -0.12674E-1  0.44175E-1 -0.10112E-1 -0.37018E-1 -0.20201E-1 -0.32551E-1 -0.59310E-1  0.50194E-1
 -0.16488E+0 -0.26866E-1  0.27516E+0  0.22944E+0  0.25998E+0 -0.22523E+0 -0.45148E-1 -0.13775E+0
  0.12663E+0 -0.13060E+0 -0.58327E-1  0.16042E-2 -0.12018E-1  0.16104E-1  0.74575E-3  0.14223E-2
 -0.11732E-1  0.42684E-1  0.71207E-2 -0.33308E-1 -0.24617E-1 -0.26497E-1 -0.72088E-1  0.74749E-1
  0.13833E-1  0.20104E-1 -0.18339E+0 -0.19432E+0 -0.30188E+0  0.31403E+0  0.69438E-1  0.22030E+0
  0.11004E+0 -0.10101E+0 -0.38532E-1  0.94466E-2  0.76563E-2 -0.16430E-1 -0.14640E-1 -0.46884E-3
  0.26635E-1  0.33161E-1 -0.15228E-1 -0.57622E-1 -0.41147E-1 -0.28159E-1 -0.92610E-1  0.11147E+0
  0.15699E+0  0.13597E-1 -0.78995E-1 -0.92006E-2  0.14087E+0 -0.23955E+0 -0.66333E-1 -0.21349E+0
  0.11033E-1  0.49897E-1  0.10107E-1 -0.23596E-1 -0.38530E-2 -0.38262E-1 -0.56237E-1  0.56555E-1
  0.56493E-1  0.12068E-1 -0.43074E-1 -0.53100E-1 -0.19612E-1 -0.55059E-1 -0.80037E-1  0.48391E-1
 -0.29630E-1 -0.82469E-1  0.33846E+0  0.30563E+0  0.21648E+0  0.39069E-1  0.85610E-1  0.18100E+0
 -0.18675E-1  0.14097E+0  0.44646E-1 -0.35802E-1 -0.24033E-2 -0.38099E-1 -0.52009E-1  0.58026E-1
 -0.48028E-1  0.68110E-1  0.84100E-2 -0.12935E-1  0.35853E-1 -0.83639E-1 -0.60367E-1  0.56398E-1
 -0.29793E+0 -0.32075E-1  0.30894E+0  0.95669E-1 -0.22951E+0  0.29130E+0 -0.24866E-1  0.20964E+0
 -0.56842E-1  0.14855E+0  0.11145E-1 -0.40146E-1 -0.57537E-2 -0.12934E-2 -0.16274E-2 -0.65142E-2
 -0.19464E+0 -0.12456E+0  0.38242E-2  0.64900E-1 -0.58655E-1  0.21229E+0  0.20851E+0 -0.24736E+0
  0.31485E-1  0.50467E-1 -0.18571E+0 -0.61586E-1  0.12240E+0 -0.69905E-1  0.68664E-1 -0.27545E-1
 -0.10420E+0  0.55896E-1  0.14166E-1  0.12238E-2 -0.14093E-1  0.30104E-1  0.62372E-1 -0.79318E-1
  0.14305E-1 -0.76649E-1 -0.66044E-1 -0.89149E-2  0.32694E-1 -0.78819E-1 -0.68184E-1  0.84633E-1
  0.19145E+0 -0.15212E+0  0.27862E+0  0.14264E+0 -0.31866E+0  0.12806E+0 -0.24465E+0 -0.15857E+0
 -0.12871E+0  0.27882E+0  0.13836E+0 -0.24595E-1 -0.22641E-1  0.22136E-1  0.14127E-1  0.16093E-2
 -0.14872E-1 -0.92030E-1 -0.31507E-1 -0.66094E-2 -0.55410E-2 -0.86929E-1 -0.90450E-1  0.92983E-1
  0.25803E+0  0.24607E-1 -0.52906E-1  0.14446E+0  0.24009E+0  0.10825E+0  0.15330E+0  0.18708E+0
 -0.11460E+0  0.31129E+0  0.13484E+0 -0.34824E-1 -0.13221E-1  0.15496E-1 -0.55343E-2  0.61294E-2
 -0.34585E-1  0.25060E-1  0.34222E-1  0.12968E-1  0.32928E-1 -0.78108E-1 -0.75757E-1  0.12135E+0
 -0.22361E+0  0.57009E-1 -0.14284E+0 -0.20690E+0 -0.11144E+0 -0.16516E+0 -0.71431E-1 -0.21541E+0
 -0.41277E-1  0.12758E+0  0.74667E-1 -0.59309E-2 -0.66180E-2  0.97729E-2 -0.44438E-3  0.20147E-1
 -0.44539E-2 -0.63227E-1 -0.26743E-1 -0.23454E-2 -0.11226E-1 -0.23990E-1 -0.22380E-1  0.82414E-2
  0.13348E+0  0.40256E-1 -0.67360E-1  0.51717E-1  0.21341E+0 -0.20659E-1  0.11100E+0  0.16533E+0
 -0.55940E-1  0.13271E+0  0.50407E-1 -0.20741E-1 -0.48949E-2  0.30526E-2 -0.89123E-2  0.17967E-2
 -0.21526E-1  0.32507E-1  0.21700E-1  0.98871E-3  0.82247E-2 -0.18244E-1 -0.22464E-1  0.38860E-1
 -0.98907E-1  0.51159E-1 -0.12154E+0 -0.14592E+0 -0.31708E-2 -0.20105E+0 -0.67220E-1 -0.12324E+0
  0.23041E-1 -0.30697E-1 -0.16474E-1  0.11570E-2 -0.10647E-2  0.72117E-2  0.85094E-2 -0.73849E-2
 -0.26726E-1  0.43993E-1  0.66562E-3 -0.25354E-1 -0.11718E-1 -0.22878E-1 -0.40564E-1  0.42836E-1
 -0.10346E+0  0.92253E-2  0.14132E+0  0.99896E-1  0.11407E+0 -0.11669E+0 -0.53307E-1 -0.11235E-1
  0.47936E-1 -0.38392E-1 -0.29088E-1 -0.12837E-1 -0.16122E-1  0.88820E-2 -0.96731E-2  0.16431E-1
 -0.11796E-1  0.12662E-1  0.10440E-1 -0.10684E-2  0.15928E-2 -0.85782E-2 -0.12317E-1  0.11533E-1
 -0.86381E-2  0.92350E-2 -0.93294E-1 -0.10481E+0 -0.16907E+0  0.17301E+0  0.32342E-1  0.11335E+0
  0.53295E-1 -0.44632E-1 -0.19948E-1  0.54505E-2  0.11613E-1 -0.21592E-1 -0.11275E-1 -0.22314E-2
  0.19426E-1 -0.16964E-2 -0.87946E-2 -0.14971E-1 -0.68350E-2 -0.13084E-1 -0.26954E-1  0.33949E-1
  0.70008E-1  0.43120E-1 -0.65861E-1 -0.45283E-1  0.60337E-1 -0.19089E+0 -0.10385E+0 -0.13578E+0
 -0.91379E-1 -0.56440E-1 -0.23872E-1  0.21384E-1 -0.14818E-1  0.24450E-1  0.63042E-1 -0.81054E-1
  0.91638E-1  0.76291E-1  0.44199E-1 -0.16792E-1  0.10196E-1 -0.10333E-1 -0.75390E-1  0.93722E-1
 -0.13689E+0 -0.12488E+0  0.19820E+0 -0.17650E+0 -0.26620E+0 -0.31474E+0 -0.11783E+0 -0.38594E-1
 -0.19588E+0 -0.29205E+0 -0.14420E+0  0.35869E-1  0.39909E-1 -0.13763E-1  0.36332E-1  0.59640E-2
  0.52994E-1  0.63509E-1  0.42081E-1 -0.37794E-1  0.39322E-1 -0.36033E-2 -0.63716E-1  0.14944E+0
 -0.23751E+0  0.54047E-1 -0.11548E+0 -0.13228E+0  0.24084E+0  0.34283E-1  0.20235E+0  0.13271E+0
 -0.17058E+0 -0.31041E+0 -0.15290E+0  0.70007E-1  0.65507E-2 -0.31106E-1 -0.76910E-2 -0.10823E-1
 -0.95584E-1 -0.55317E-1 -0.19958E-1 -0.21940E-1  0.44572E-1 -0.18724E-1 -0.62870E-1  0.14543E+0
  0.15365E+0  0.62381E-1 -0.67897E-1  0.24528E+0 -0.86572E-1  0.93923E-1 -0.21548E+0 -0.14600E+0
 -0.15512E-2 -0.12553E+0 -0.48505E-1  0.19509E-1  0.49426E-2 -0.37213E-1 -0.52431E-1  0.84077E-1
 -0.11649E+0 -0.75338E-1 -0.46013E-1  0.14756E-1  0.23308E-1 -0.10929E-1 -0.59908E-1  0.80709E-1
  0.20496E+0 -0.16951E+0  0.24083E+0 -0.14350E+0 -0.22146E+0 -0.30463E+0  0.32503E+0  0.11261E+0
  0.92351E-1 -0.13216E+0 -0.15172E-1  0.34652E-1 -0.30453E-1 -0.11716E-1 -0.10727E-1 -0.14179E-1
 -0.13842E+0  0.69430E-1  0.87205E-1  0.25512E-2 -0.90874E-1  0.56385E-1  0.22353E+0 -0.31635E+0
 -0.38740E-1  0.10052E+0 -0.13622E+0  0.90442E-1  0.10299E+0  0.12695E+0 -0.33658E-1 -0.28421E-1
  0.18805E-1 -0.34559E-1 -0.13273E-1  0.19052E-2  0.77155E-2 -0.21741E-1 -0.64337E-1  0.84822E-1
  0.90160E-1  0.13675E-1 -0.73258E-3  0.16045E-1 -0.85220E-2 -0.17168E-1 -0.90364E-1  0.76931E-1
  0.71048E-2 -0.18017E+0  0.21079E+0 -0.38675E+0  0.17937E+0  0.37573E-1  0.40570E-1  0.13144E+0
  0.14326E+0  0.10739E+0  0.58524E-1 -0.43374E-1  0.14082E-1  0.22416E-1 -0.23764E-1  0.40843E-3
  0.88012E-1  0.19215E-1 -0.16701E-1  0.52882E-1 -0.33913E-1 -0.38730E-1 -0.13575E+0  0.11306E+0
 -0.99168E-1  0.44178E-1 -0.72609E-1 -0.59891E-3  0.13911E+0  0.18898E+0 -0.24716E+0 -0.12818E+0
  0.16627E+0  0.15354E+0  0.60803E-1 -0.13873E-1 -0.21276E-1 -0.16719E-2 -0.42087E-2  0.21874E-2
 -0.29505E-2 -0.28438E-1 -0.25530E-1  0.38483E-1 -0.22121E-1 -0.40876E-1 -0.91101E-1  0.10819E+0
  0.97644E-2  0.10656E+0 -0.10803E+0  0.24524E+0 -0.22121E+0 -0.22019E+0  0.26800E+0  0.12777E+0
  0.97863E-1  0.12288E+0  0.69690E-1 -0.50805E-1  0.69923E-2  0.34042E-1  0.68433E-1 -0.90340E-1
 -0.36000E-1 -0.41883E-1 -0.23053E-1  0.19096E-1 -0.14337E-2 -0.15638E-1 -0.74976E-1  0.69575E-1
  0.87148E-1 -0.16348E+0  0.18574E+0 -0.31785E+0  0.20139E+0  0.17356E+0 -0.17613E+0 -0.96075E-1
 -0.14301E-1  0.91451E-1  0.17057E-1 -0.15387E-2 -0.54795E-2  0.36293E-2  0.98880E-2 -0.41550E-2
  0.19245E+0  0.14677E+0  0.14851E+0 -0.15534E+0  0.41224E-1  0.86961E-1  0.27976E+0 -0.27089E+0
 -0.89746E-1  0.80275E-1 -0.13973E+0  0.19789E+0 -0.82856E-1 -0.45113E-1  0.40635E-1 -0.16258E-1
 -0.86365E-1 -0.13665E+0 -0.64536E-1  0.19756E-2  0.31954E-1 -0.54870E-2  0.70997E-2  0.18428E-1
  0.32135E-1  0.55287E-1  0.27034E-1 -0.11249E-1  0.50252E-2  0.36019E-2 -0.99723E-2  0.35822E-1
 -0.10641E+0  0.59286E-1 -0.50009E-1 -0.62767E-1  0.15450E+0  0.11835E+0  0.13277E+0  0.42009E-1
 -0.85848E-1 -0.12062E+0 -0.68621E-1  0.40759E-1 -0.62248E-2 -0.14479E-1 -0.14922E-1 -0.16207E-1
 -0.51873E-1 -0.36401E-1 -0.20148E-1  0.32933E-2  0.90042E-2 -0.94937E-2 -0.22926E-1  0.35195E-1
  0.85148E-1  0.56918E-1 -0.66067E-1  0.16524E+0 -0.16121E-1  0.11752E+0 -0.25023E+0 -0.72869E-1
  0.68591E-1  0.47347E-1  0.27047E-1 -0.22658E-1  0.72301E-2  0.75161E-2 -0.33646E-2  0.56903E-2
  0.43439E-1  0.19985E-1 -0.18359E-3  0.13849E-1 -0.10842E-1 -0.12015E-1 -0.38921E-1  0.35501E-1
 -0.34460E-1  0.48021E-1 -0.33194E-1  0.38788E-1  0.19175E-1  0.70292E-1 -0.10196E+0 -0.10766E+0
  0.66293E-1  0.53266E-1  0.13183E-1  0.17328E-1 -0.25494E-1 -0.20259E-1 -0.20121E-1  0.30132E-1
 -0.13053E-1 -0.12281E-1 -0.69114E-2  0.37481E-2  0.16461E-3 -0.50154E-2 -0.96003E-2  0.15425E-1
  0.13505E-1  0.62030E-1 -0.57429E-1  0.15425E+0 -0.14946E+0 -0.14612E+0  0.14308E+0  0.83618E-1
  0.20412E-1  0.28238E-1  0.15997E-1 -0.10813E-1  0.12325E-2  0.67718E-2  0.85398E-2 -0.15627E-1
 -0.41253E-1 -0.35058E-1 -0.25989E-1  0.24567E-1 -0.55482E-2 -0.16220E-1 -0.57883E-1  0.56828E-1
  0.49733E-1 -0.76863E-1  0.92822E-1 -0.14377E+0  0.77812E-1  0.55254E-1 -0.79303E-1 -0.24686E-2
         0.0         0.0         0.0         0.0         0.0         0.0         0.0         0.0
      687.22      692.66      696.77      709.93      735.76      751.38      790.90      797.95
 -0.50543E-3 -0.20287E-1 -0.10169E-1  0.69090E-2 -0.99427E-2 -0.27915E-1  0.79034E-1  0.86358E-3
 -0.82154E-1 -0.36820E+0  0.16001E+0  0.14784E-1 -0.33144E+0 -0.14205E+0 -0.28458E-1  0.31394E-2
 -0.61671E-1 -0.73304E-1 -0.38938E-1  0.14626E-1 -0.16998E-1 -0.53829E-2 -0.36148E-1 -0.30987E-3
 -0.23557E-1 -0.76918E-1  0.22391E-1  0.14386E-1 -0.52912E-1  0.27484E-2 -0.13658E+0 -0.17521E-2
  0.12784E-1  0.96718E-1 -0.49886E-1 -0.29555E-2  0.10393E+0  0.48284E-1 -0.14722E-1 -0.20136E-2
 -0.10155E+0 -0.12258E-1 -0.27999E-1 -0.17786E-2  0.54859E-1  0.76670E-1  0.35845E+0  0.13320E-2
  0.72516E-2  0.82874E-1 -0.10136E-1 -0.64140E-2  0.13435E+0  0.11525E+0 -0.34261E-1 -0.30717E-2
  0.24547E-1  0.16995E+0 -0.55506E-1 -0.15609E-1  0.18059E+0  0.10861E+0  0.37557E-2 -0.19326E-2
  0.18045E+0  0.46690E-1  0.68019E-1 -0.61477E-2 -0.69324E-1 -0.82374E-1  0.95473E-1  0.21723E-2
 -0.41344E-3  0.44305E-1 -0.23740E-1  0.65751E-5  0.74835E-1  0.39365E-1 -0.32692E-1 -0.23372E-2
  0.61333E-1  0.24010E+0 -0.53649E-1 -0.20736E-1  0.21835E+0  0.11840E+0  0.70728E-1 -0.12231E-2
 -0.19963E+0 -0.58475E-1 -0.82668E-1  0.32580E-2  0.79646E-1  0.86786E-1  0.60720E-1  0.35478E-3
  0.51222E-2  0.57555E-1 -0.53522E-1 -0.54195E-2  0.42131E-1 -0.17344E-1  0.33785E-1  0.22936E-2
 -0.62622E-3  0.11901E+0 -0.75031E-1  0.15008E-2  0.13439E+0  0.63690E-1  0.40689E-2 -0.22936E-2
  0.39927E+0  0.28011E+0  0.30565E+0 -0.75845E-1 -0.72732E-1 -0.87914E-1 -0.77907E-1  0.13133E-2
 -0.14790E-2  0.22079E-1 -0.29983E-1 -0.13969E-1 -0.32434E-1 -0.60263E-1  0.31674E-1  0.50977E-2
  0.30973E-1 -0.14566E-3 -0.58085E-1  0.15991E-1 -0.83970E-1 -0.15583E+0 -0.52372E-2  0.35572E-2
 -0.21146E+0 -0.21994E+0 -0.40114E+0  0.12681E+0  0.12836E+0  0.94520E-1  0.20297E-1 -0.43974E-2
  0.34448E-2  0.16009E-1  0.33879E-1 -0.12267E-1  0.12563E-1  0.45721E-1 -0.23187E-1 -0.26923E-3
 -0.62538E-1 -0.40823E-1  0.24344E+0 -0.31899E-1  0.16980E+0  0.40993E+0 -0.38474E-1 -0.17053E-1
  0.87522E-1 -0.13053E-1  0.71700E-1  0.12238E-1  0.10234E-1  0.49898E-1 -0.50055E-2 -0.20218E-2
  0.63469E-2 -0.40031E-1  0.44210E-1  0.83109E-2  0.17373E-1  0.20467E-1 -0.19727E-1 -0.23248E-2
  0.39311E-1  0.16525E-1 -0.10035E+0  0.32606E-1 -0.42336E-1 -0.12744E+0  0.89960E-2  0.46558E-2
 -0.31076E+0  0.32034E+0  0.82262E-1 -0.21576E+0 -0.44091E-1 -0.16830E+0 -0.63962E-2  0.58446E-2
 -0.35400E-1 -0.13569E+0  0.47711E-1 -0.15609E-1 -0.19464E+0 -0.10462E+0  0.15126E-1  0.53996E-2
  0.20195E-1  0.24444E-1 -0.15407E+0  0.57187E-2 -0.10701E+0 -0.30409E+0  0.47677E-1  0.20070E-1
  0.58648E-1 -0.13204E+0 -0.14590E+0  0.69777E-1  0.50795E-1  0.10553E-1  0.18384E-1  0.54120E-2
 -0.35739E-1 -0.95033E-1  0.80858E-1 -0.13675E-1 -0.13761E+0  0.20435E-1 -0.37243E-2 -0.37283E-2
  0.21852E-1 -0.22113E-1 -0.16268E+0  0.21456E-1 -0.11853E+0 -0.30201E+0  0.28294E-1  0.14736E-1
 -0.32516E-1  0.50557E-1  0.17107E+0 -0.81618E-1 -0.14205E+0 -0.13286E+0  0.11186E-1  0.80200E-2
 -0.19914E-1 -0.66681E-1  0.10959E-1 -0.88957E-2 -0.10154E+0 -0.51426E-1  0.56462E-2  0.16667E-2
  0.57231E-2  0.26572E-1 -0.44308E-1 -0.28287E-2 -0.31506E-2 -0.85913E-1  0.16738E-1  0.64856E-2
  0.18417E+0 -0.11947E+0 -0.83308E-1  0.12576E+0  0.61566E-1  0.12015E+0 -0.21899E-1 -0.11510E-1
 -0.72165E-2  0.91676E-3  0.46919E-1 -0.58617E-2  0.14562E-2  0.88054E-1 -0.17679E-1 -0.82578E-2
  0.69950E-2  0.34773E-2 -0.38424E-1  0.51758E-2 -0.11069E-1 -0.43479E-1  0.22222E-2  0.28320E-3
  0.11033E+0  0.14884E+0  0.20345E+0 -0.50779E-1 -0.36264E-1  0.18648E-1 -0.30973E-1 -0.89108E-2
 -0.43089E-2 -0.10657E-1  0.74324E-3  0.41954E-2 -0.62627E-2  0.73268E-2 -0.24568E-1 -0.46989E-3
  0.15543E-1  0.63982E-1 -0.33974E-1 -0.12367E-2  0.56568E-1  0.20780E-1  0.15993E-1 -0.69807E-3
 -0.20774E-1  0.36354E-1 -0.54272E-1  0.73056E-2  0.31840E-1 -0.34393E-1 -0.80934E+0 -0.55702E-2
  0.12679E-1  0.66303E-1 -0.67030E-2 -0.64158E-2  0.87506E-1  0.72587E-1  0.55239E-1 -0.14385E-2
  0.18193E-2  0.23257E-1 -0.10668E-1 -0.22756E-2  0.19252E-1  0.79775E-2 -0.31837E-1  0.14881E-3
  0.72985E-1  0.30345E-1  0.13720E-1  0.28111E-2  0.62795E-2  0.48335E-2 -0.29993E+0 -0.36419E-2
 -0.10036E-2  0.55483E-2 -0.18893E-1  0.49614E-2  0.10501E-1 -0.13056E-1 -0.55518E-2 -0.33821E-3
  0.22663E-1  0.71262E-1 -0.17582E-1 -0.50148E-2  0.58076E-1  0.22609E-1  0.29463E-1  0.37609E-3
 -0.23856E+0 -0.11486E+0 -0.20423E+0  0.46405E-1  0.64565E-1  0.28578E-1 -0.23492E+0 -0.38069E-2
  0.20328E-1  0.38005E-2  0.52502E-2  0.18928E-1  0.47816E-1 -0.56614E-2 -0.10020E-1 -0.63519E-2
 -0.52325E-1 -0.22291E-2  0.33805E-1 -0.14929E-1 -0.12017E+0  0.10587E+0 -0.31010E-2 -0.35410E-1
  0.38155E+0 -0.24289E+0  0.37356E-2  0.30317E+0 -0.65617E-1  0.19921E+0  0.97102E-3 -0.18660E-1
 -0.42520E-2  0.12063E+0 -0.12418E+0  0.19314E-2 -0.67366E-1 -0.11264E-1  0.43884E-2 -0.48923E-1
 -0.11611E+0  0.25813E-1  0.38194E-1 -0.74039E-1 -0.22279E+0  0.21016E+0 -0.52498E-2 -0.68224E-1
 -0.15469E+0  0.12249E-1 -0.22137E-1 -0.19226E+0  0.71878E-1 -0.18024E+0  0.51057E-2  0.35257E-1
  0.45131E-1  0.85437E-1 -0.12286E+0  0.41006E-1 -0.91511E-2 -0.77334E-1  0.10418E-1 -0.23758E-1
 -0.94349E-1  0.29162E-1  0.85021E-2 -0.49211E-1 -0.26937E+0  0.22283E+0 -0.21707E-2 -0.50597E-1
  0.10405E+0  0.30295E-1 -0.35354E-1  0.19838E+0 -0.11672E+0  0.44137E-1  0.72451E-2 -0.37809E-1
 -0.25377E-1 -0.10947E-1  0.54761E-2 -0.34625E-1 -0.48180E-1  0.33131E-1  0.19953E-2  0.59753E-2
 -0.46039E-1  0.11713E-1  0.91321E-2 -0.13627E-2 -0.14334E+0  0.10670E+0 -0.66718E-3 -0.25946E-1
  0.44626E-1 -0.88929E-1 -0.11274E+0 -0.45116E+0  0.12091E-1  0.77539E-1 -0.10108E-1  0.12673E-1
  0.28358E-1 -0.96331E-2 -0.13818E-1  0.20174E-1  0.21433E-1 -0.29074E-1  0.92491E-2  0.75538E-2
  0.16379E+0 -0.32574E-1 -0.46962E-1  0.69554E-1  0.36912E+0 -0.30274E+0  0.63092E-2  0.83112E-1
 -0.57848E-1  0.59335E-1  0.11216E-1  0.28006E-1  0.40330E-1 -0.55990E-1  0.20758E-2  0.60247E-2
 -0.38637E-1 -0.47576E-1  0.64035E-1 -0.20435E-1 -0.47710E-2  0.25104E-1 -0.37588E-3  0.32746E-1
 -0.24303E-1 -0.10319E+0  0.11166E+0 -0.33306E-1  0.83801E-1 -0.18141E-1 -0.18136E-2  0.37588E-1
 -0.26476E+0  0.98594E-1  0.26470E+0  0.47633E+0  0.79642E-1 -0.12940E+0  0.67126E-2 -0.14387E-1
 -0.47641E-2 -0.24745E-1  0.37723E-1 -0.71718E-2  0.19027E-1  0.25272E-1 -0.36930E-2  0.50469E-1
 -0.17563E-1 -0.20579E+0  0.18575E+0 -0.95702E-1  0.19993E+0 -0.80528E-1 -0.10650E-2  0.59650E-1
  0.17171E+0 -0.63883E-1 -0.13388E+0 -0.23486E+0 -0.87602E-1  0.12163E+0 -0.55912E-2 -0.52511E-1
 -0.49647E-3 -0.78423E-1  0.79402E-1 -0.20454E-1  0.12686E+0 -0.67854E-1 -0.61393E-3  0.22442E-1
 -0.34999E-1 -0.14683E+0  0.14574E+0 -0.62348E-1  0.12880E+0 -0.53128E-1 -0.39780E-3  0.50398E-1
 -0.16018E+0  0.14065E+0  0.50399E-1  0.18951E+0 -0.75339E-1  0.48858E-1 -0.27032E-2  0.13354E+0
  0.34425E-1  0.53807E-1 -0.63920E-1  0.34039E-1 -0.25655E-2 -0.30655E-1  0.17760E-2 -0.58714E-1
 -0.23307E-1 -0.79783E-1  0.84843E-1 -0.32054E-1  0.50760E-1 -0.41660E-2 -0.17917E-2  0.46277E-1
  0.10357E+0 -0.56913E-1 -0.55959E-1 -0.10075E+0 -0.67831E-3  0.16247E-1 -0.32326E-2  0.36096E+0
  0.14881E-2 -0.14761E-1  0.12273E-1 -0.26453E-1  0.18943E-1  0.80195E-2 -0.18202E-2  0.86510E-2
  0.80976E-1  0.30865E+0 -0.31420E+0  0.13758E+0 -0.21537E+0  0.46616E-1  0.42845E-2 -0.94856E-1
  0.33087E-1  0.12244E-1 -0.63222E-1 -0.53278E-1 -0.26774E-1  0.27183E-2  0.13293E-2 -0.40888E-1
 -0.11971E-1  0.65897E-1 -0.59951E-1  0.36709E-2 -0.44188E-1  0.15357E-2  0.36020E-2 -0.16995E-1
 -0.36134E-1 -0.59334E-2  0.27826E-1 -0.31067E-1 -0.49612E-1  0.64050E-1 -0.42292E-2 -0.19113E-1
 -0.20156E+0  0.99538E-1  0.57355E-1 -0.14599E+0  0.36218E-1  0.63227E-1 -0.13743E-1 -0.16084E-1
  0.36424E-1  0.17081E-1 -0.42475E-1  0.32778E-1  0.26586E-1 -0.58886E-1  0.51079E-2  0.91092E-4
 -0.13994E-1  0.67465E-2 -0.38333E-2 -0.30445E-2 -0.63692E-1  0.46762E-1  0.43935E-3 -0.10092E-1
  0.53170E-2  0.22805E-1  0.10036E+0  0.23557E+0  0.39988E-1 -0.45704E-3 -0.48556E-2  0.26811E-1
 -0.94895E-2  0.17922E-2  0.13398E-1 -0.21032E-2 -0.12846E-1  0.36864E-1 -0.33796E-2  0.84130E-2
 -0.67694E-2 -0.61618E-1  0.57212E-1 -0.33680E-1  0.55677E-1 -0.13539E-1 -0.14088E-2  0.98136E-2
  0.16014E+0 -0.11845E+0 -0.85786E-1 -0.22661E+0  0.10284E+0 -0.79707E-1  0.49382E-2 -0.14959E+0
 -0.88899E-2 -0.84376E-1  0.81190E-1 -0.23738E-1  0.11472E+0 -0.72754E-1  0.12935E-2  0.19373E-2
 -0.66651E-2 -0.53995E-2  0.82125E-2 -0.48485E-2 -0.69938E-2  0.10900E-1 -0.55645E-3  0.11589E-2
 -0.77054E-1 -0.63218E-2  0.78567E-1  0.58285E-1  0.91771E-1 -0.94578E-1  0.63298E-2 -0.29654E+0
  0.68009E-2  0.11948E-2 -0.46623E-2  0.42330E-2  0.10811E-1 -0.14735E-1  0.68899E-3 -0.38272E-1
 -0.18399E-1 -0.66036E-1  0.68787E-1 -0.29141E-1  0.46651E-1 -0.82780E-2 -0.10348E-2  0.69167E-2
  0.89376E-2 -0.70442E-1  0.53637E-1 -0.26428E-1  0.83502E-1 -0.69970E-1  0.76306E-2 -0.82658E+0
         0.0         0.0         0.0         0.0         0.0         0.0         0.0         0.0
      847.82      867.08      874.12      876.71      879.94      887.73      890.58      912.55
  0.80761E-1 -0.94583E-2 -0.44731E-1 -0.19632E-1  0.39344E+0 -0.56615E-1 -0.48368E-1  0.50952E-1
  0.68337E-1  0.92576E-2  0.61135E-2 -0.85625E-2 -0.16446E-1  0.29084E-1  0.21270E-1 -0.20921E-1
  0.13420E-1 -0.57242E-3 -0.56608E-2  0.58485E-3  0.73363E-2 -0.74717E-2 -0.30052E-2  0.56353E-3
  0.67737E-1 -0.45093E-2 -0.45440E-2  0.29638E-2 -0.47787E-1 -0.45297E-1  0.29581E-2 -0.63311E-1
 -0.59725E-1 -0.55357E-2  0.47651E-1  0.18554E-1 -0.26259E+0  0.14083E-1  0.21639E-1 -0.28051E-1
  0.27301E-1 -0.70321E-2  0.34346E-2  0.11609E-1 -0.10457E+0 -0.99758E-1 -0.14805E-1  0.12751E-1
 -0.14121E+0  0.42156E-2  0.42940E-1  0.18062E-1 -0.27130E+0  0.70666E-1  0.27608E-1 -0.39501E-2
 -0.18686E+0  0.57982E-2  0.75261E-1  0.20138E-1 -0.36001E+0  0.73102E-1  0.38874E-1  0.11370E-1
  0.55041E-1 -0.83705E-2  0.13115E-1 -0.51351E-3 -0.14296E-2 -0.37505E-1 -0.72690E-3 -0.10003E-1
 -0.70134E-1 -0.36739E-2  0.51347E-1  0.18947E-1 -0.26715E+0  0.33290E-1  0.25596E-1 -0.15375E-1
 -0.12962E-1  0.38557E-3 -0.85024E-1 -0.16513E-1  0.40844E+0 -0.80537E-1 -0.64602E-1  0.78332E-1
 -0.15821E+0  0.29726E-1  0.55256E-2 -0.26298E-1  0.14313E+0  0.42632E+0  0.79746E-1 -0.75789E-1
 -0.81342E-1  0.12399E-1  0.70521E-2  0.14679E-2 -0.10753E+0  0.54501E-1  0.20373E-1  0.28669E-1
  0.60953E-1 -0.10102E-1 -0.54516E-1 -0.76482E-2  0.27767E+0 -0.86466E-1 -0.48795E-1  0.21014E-1
 -0.75553E-2 -0.52162E-2  0.27565E-1  0.46233E-4 -0.30741E-1 -0.18273E+0 -0.27897E-1  0.64606E-1
 -0.81342E-1  0.27730E-1 -0.54709E-1 -0.50872E-2 -0.44779E-1  0.35058E-1  0.10165E-1  0.39107E-1
  0.16952E+0 -0.48013E-1  0.22231E+0 -0.17081E-1 -0.61026E-3  0.14417E-1  0.38908E-1 -0.75049E-1
  0.12727E+0 -0.10956E-1 -0.65147E-1  0.16295E-1  0.23612E-2  0.10507E+0  0.25933E-2 -0.10288E+0
  0.19846E+0 -0.97407E-1  0.34784E+0  0.28650E-2  0.55033E-1  0.14319E-1  0.18467E-1 -0.10845E+0
 -0.56377E-1 -0.50738E-2 -0.23481E-1  0.25537E-1  0.14631E-1 -0.25771E-1 -0.47845E-1  0.20855E-1
 -0.48962E-3  0.16333E-2 -0.10076E-1  0.22289E-2 -0.43258E-2 -0.68522E-3 -0.25288E-2  0.43063E-2
 -0.13111E-1  0.13813E-1 -0.90465E-1 -0.19814E-2  0.25124E-2 -0.29337E-1 -0.12691E-1  0.22104E-1
 -0.39930E-1  0.54622E-1 -0.25414E+0  0.31834E-2 -0.26088E-1 -0.16556E-1 -0.28066E-5  0.38661E-1
  0.15729E+0 -0.41074E-1 -0.74437E-1  0.40596E-1 -0.40140E-1  0.75439E-1 -0.15919E-1  0.74652E-1
 -0.17322E+0  0.65442E-1 -0.24680E+0  0.65964E-2 -0.28560E-1 -0.25475E-2 -0.15790E-1  0.61991E-1
 -0.18473E+0  0.63366E-1 -0.32658E+0  0.80412E-2 -0.35643E-1  0.11625E-1 -0.13191E-2  0.75573E-1
 -0.29531E+0  0.39941E-1  0.29640E-1 -0.28441E-1  0.69507E-1 -0.17488E+0 -0.36528E-1 -0.34047E+0
 -0.58361E-1  0.65593E-1 -0.23731E+0  0.78794E-2 -0.32400E-1 -0.14549E-2 -0.19542E-1  0.46187E-1
  0.15168E+0 -0.75137E-1  0.36978E+0 -0.30779E-1 -0.13499E-1  0.62357E-1  0.63653E-1 -0.96555E-1
 -0.19153E+0  0.90187E-2  0.22872E+0 -0.49566E-1  0.38831E-1 -0.27755E-1  0.54173E-1  0.35330E+0
 -0.21991E-1  0.14292E-2  0.33261E-1  0.10025E-2 -0.11341E-1  0.13094E-1  0.13973E-2 -0.53602E-1
 -0.10827E+0  0.33176E-1 -0.15627E+0  0.85941E-3  0.12661E-2 -0.19818E-1 -0.10408E-1  0.44919E-1
  0.48316E+0 -0.48978E-1 -0.17471E+0  0.58176E-1 -0.13359E+0  0.31306E+0  0.53878E-1  0.54626E+0
  0.99156E-1 -0.11708E-1  0.99856E-1 -0.67341E-2  0.22630E-1 -0.10132E-1  0.94756E-3 -0.45483E-1
  0.10083E+0 -0.40840E-1  0.22274E+0 -0.16407E-1  0.21340E-1  0.13966E-1  0.23161E-1 -0.45016E-1
  0.41367E+0 -0.32841E-1 -0.36201E+0  0.92482E-1 -0.12292E+0  0.99155E-1 -0.78505E-1 -0.56813E+0
  0.29609E-1 -0.29105E-2 -0.52891E-2  0.16566E-2 -0.11004E-1 -0.34068E-1 -0.36609E-2 -0.20788E-1
  0.13986E-1 -0.69832E-2 -0.32095E-3  0.68145E-2 -0.43756E-1 -0.43719E-1 -0.77073E-2 -0.22577E-1
 -0.10251E+0  0.15870E-1 -0.58221E-2 -0.18145E-1  0.16510E+0  0.21198E+0  0.30206E-1 -0.28109E-1
 -0.51532E-1  0.19432E-2 -0.15733E-1  0.36065E-2  0.20642E-1 -0.13671E-1 -0.15385E-1  0.38836E-1
 -0.47203E-1  0.14952E-2  0.42046E-1  0.62159E-2 -0.17268E+0  0.51153E-1  0.29417E-1 -0.26740E-1
 -0.36406E-1  0.30361E-2 -0.18767E-1  0.11430E-1 -0.67796E-1 -0.76665E-1 -0.23931E-1  0.45534E-1
  0.40440E-1 -0.96968E-2 -0.24918E-2 -0.56799E-3  0.69586E-1 -0.17789E-1 -0.10036E-1 -0.13747E-1
  0.26992E-1 -0.37805E-2 -0.34436E-1 -0.10527E-1  0.21594E+0 -0.20370E-1 -0.25265E-1  0.13538E-1
  0.20903E+0 -0.44871E-1 -0.38808E-1  0.44858E-1 -0.17505E+0 -0.68909E+0 -0.14560E+0  0.14462E+0
  0.15095E-1  0.50506E-1 -0.22691E-1 -0.51690E-1  0.25413E-2 -0.15739E-1 -0.56075E-2  0.37315E-2
  0.39512E-1  0.20864E+0  0.38024E-2 -0.14046E+0 -0.21142E-1 -0.50605E-3 -0.47055E-1 -0.23373E-1
 -0.64811E-1  0.74716E-1  0.45741E-1 -0.61060E-1  0.21295E-1 -0.43198E-1  0.41285E-1 -0.21885E-1
  0.51547E-1  0.22236E+0  0.23165E-1 -0.16777E+0 -0.24018E-1  0.18405E-1 -0.96726E-1 -0.10472E-2
  0.46460E-1  0.31357E+0  0.61383E-1 -0.21103E+0 -0.26007E-1  0.18063E-1 -0.12480E+0 -0.11557E-1
 -0.56095E-2 -0.11539E+0 -0.56533E-1  0.98003E-1 -0.14716E-1 -0.74183E-3  0.96238E-2 -0.44850E-1
  0.43481E-1  0.19547E+0 -0.58443E-2 -0.14773E+0 -0.30238E-1  0.11185E-1 -0.46297E-1 -0.20142E-1
 -0.82770E-1 -0.26446E+0  0.43945E-2  0.24983E+0  0.37149E-1 -0.64924E-2  0.69974E-1  0.26172E-1
 -0.51131E-1 -0.77610E-1  0.67198E-1  0.65923E-1 -0.12389E-1  0.91633E-1 -0.42653E+0  0.37142E-1
  0.12780E-1  0.64032E-1  0.19531E-1 -0.65238E-1 -0.12781E-1  0.12292E-1 -0.44291E-1 -0.36164E-2
 -0.49706E-1 -0.17496E+0 -0.21858E-1  0.17731E+0  0.27406E-1 -0.22097E-1  0.12163E+0  0.65883E-2
  0.28786E-1  0.15305E-1 -0.26401E-1 -0.45305E-1  0.85573E-2 -0.40757E-1  0.17963E+0 -0.10397E-1
 -0.68186E-1 -0.27453E+0  0.12779E-2  0.25680E+0  0.35544E-1 -0.13160E-1  0.14286E+0  0.12224E-1
  0.14509E-1 -0.29942E-1 -0.31852E-2 -0.53548E-1 -0.73308E-2  0.65800E-2 -0.37382E-2  0.26908E-2
  0.48669E-2  0.80917E-2 -0.66658E-2 -0.75869E-2 -0.17730E-2  0.20416E-2  0.86996E-2  0.39306E-2
 -0.87680E-3 -0.21722E-1  0.10349E-1 -0.73569E-1 -0.99716E-2  0.13304E-1 -0.53095E-1  0.19938E-2
  0.31893E-2  0.94922E-1  0.19722E-1  0.17098E+0  0.19941E-1 -0.14411E-1  0.51372E-1 -0.82225E-2
 -0.86731E-2  0.26441E-1  0.16744E-1  0.50025E-1 -0.42667E-2  0.21720E-1 -0.90133E-1  0.73392E-2
 -0.14718E-1 -0.21997E+0 -0.44132E-1 -0.25095E+0 -0.17400E-1  0.25475E-2 -0.19640E-1  0.57540E-5
  0.17933E-1  0.25241E+0  0.65888E-1  0.29014E+0  0.23802E-1  0.44740E-2 -0.33387E-1  0.22009E-2
 -0.75656E-2 -0.10726E+0 -0.23428E-1 -0.54206E-1  0.51014E-2 -0.17125E-1  0.53129E-1 -0.11169E-1
 -0.48711E-2 -0.12995E+0 -0.29902E-1 -0.22634E+0 -0.22712E-1  0.17002E-1 -0.71832E-1  0.11059E-1
 -0.14034E-1 -0.19104E+0 -0.29276E-1 -0.28389E+0 -0.29007E-1  0.28164E-1 -0.11688E+0  0.14998E-1
 -0.41328E-2 -0.58664E-1 -0.13390E-1 -0.28625E-1  0.23866E-2 -0.11461E-1  0.42438E-1 -0.10803E-1
 -0.11255E-2 -0.55586E-1 -0.36403E-1 -0.81031E-1 -0.70240E-2 -0.14515E-1  0.76547E-1 -0.88238E-2
 -0.14390E-1 -0.19112E+0 -0.43929E-1 -0.23117E+0 -0.18471E-1  0.31197E-2 -0.12310E-1  0.31072E-3
  0.89244E-2  0.68532E-1  0.14069E-1  0.34176E-1 -0.19124E-2  0.91377E-2 -0.35461E-1  0.68760E-2
  0.12081E-1  0.23983E+0  0.63344E-1  0.36179E+0  0.34723E-1 -0.51955E-2  0.31289E-2  0.29022E-2
  0.75116E-2  0.66520E-1  0.10262E-1  0.63175E-1  0.22864E-2 -0.28629E-2  0.22901E-1 -0.15920E-2
  0.99597E-3  0.20769E-2  0.20871E-3 -0.79453E-2 -0.14900E-2  0.73215E-3  0.38894E-2  0.10707E-2
  0.34861E-2 -0.24641E-2  0.83761E-2  0.11112E-1  0.34809E-2  0.38397E-2  0.15189E-1  0.12722E-1
  0.24885E-1  0.14514E+0  0.19834E-1 -0.11007E+0 -0.13460E-1  0.60812E-2 -0.65016E-1 -0.70978E-2
  0.74112E-1  0.19150E+0  0.60475E-1 -0.17085E+0  0.24151E-1 -0.20975E-1  0.15345E+0  0.79740E-1
 -0.74320E-2 -0.43463E-1 -0.32537E-1  0.50456E-1  0.10015E-2 -0.99309E-2  0.58893E-1 -0.87220E-2
 -0.37208E-1 -0.14120E+0 -0.17459E-1  0.13189E+0  0.17098E-1 -0.94509E-2  0.60978E-1  0.61715E-2
  0.72318E-1  0.17748E+0 -0.86405E-1 -0.13970E+0  0.23246E-1 -0.15291E+0  0.73661E+0 -0.51779E-1
 -0.50329E-2 -0.42705E-1 -0.64486E-2  0.15149E-1  0.67042E-2 -0.78519E-2  0.17198E-1 -0.40621E-2
  0.59802E-2  0.96712E-1  0.24901E-1  0.14373E+0  0.13798E-1 -0.26865E-2  0.23181E-3 -0.76289E-3
  0.16528E-1  0.18668E+0  0.35629E-1  0.77151E-1 -0.67717E-2  0.22984E-1 -0.69240E-1  0.21563E-1
  0.91371E-2  0.98813E-1  0.27643E-1  0.68592E-1  0.17754E-2  0.13871E-1 -0.61629E-1  0.94082E-2
 -0.10782E-1 -0.14258E+0 -0.32313E-1 -0.17224E+0 -0.14782E-1  0.34681E-2 -0.10307E-1  0.13399E-2
  0.61734E-2  0.11668E+0  0.27438E-1  0.70583E-1 -0.27504E-2  0.20593E-1 -0.73038E-1  0.21870E-1
 -0.12534E-2 -0.24729E-1 -0.14064E-1 -0.29698E-1 -0.19952E-2 -0.63845E-2  0.31511E-1 -0.44523E-2
 -0.56333E-2 -0.69618E-1 -0.21072E-1 -0.76455E-1 -0.42677E-2 -0.57279E-2  0.22989E-1 -0.51602E-2
 -0.17672E-1 -0.10380E+0 -0.22859E-1 -0.35737E-1  0.52791E-2 -0.16910E-1  0.63854E-1 -0.12501E-1
         0.0         0.0         0.0         0.0         0.0         0.0         0.0         0.0
      918.48      935.44      952.43      954.05      960.81      962.97     1014.61     1048.09
 -0.36182E-2 -0.10027E-1 -0.62466E-1 -0.18450E-1  0.16580E+0  0.16812E+0 -0.13351E+0  0.12575E+0
 -0.12370E-1 -0.25234E-1 -0.39250E-2 -0.94832E-2  0.11877E+0  0.11086E+0  0.21906E-1 -0.51308E-1
 -0.16657E-2 -0.61055E-3  0.13163E-1  0.91309E-3  0.16633E-1  0.15356E-1 -0.26458E-2 -0.16654E-3
  0.26530E-1  0.77154E-1  0.22490E+0  0.58022E-1 -0.39785E+0 -0.39312E+0  0.15029E+0 -0.83019E-1
  0.91510E-2  0.53316E-2 -0.62499E-1  0.85125E-4 -0.12158E+0 -0.11106E+0 -0.25690E-1  0.53778E-1
  0.42074E-2  0.23384E-1  0.14165E+0  0.23096E-1 -0.10247E-1 -0.14162E-1 -0.25216E-2 -0.60733E-3
  0.12017E-1  0.18722E-1  0.42476E-1  0.87132E-2  0.13768E-1  0.20905E-1 -0.11771E+0  0.16541E+0
  0.97588E-3 -0.11509E-1 -0.22617E-1 -0.79744E-2  0.11518E+0  0.11724E+0 -0.99013E-1  0.85821E-1
 -0.65440E-2 -0.52602E-1 -0.37267E+0 -0.53939E-1 -0.80723E-1 -0.64668E-1  0.20280E-1  0.78045E-2
 -0.49714E-2 -0.34527E-1 -0.19623E+0 -0.29177E-1  0.14649E-1  0.22569E-1 -0.38550E-1  0.20212E-2
 -0.12770E-2  0.19847E-1  0.71741E-1  0.51987E-2  0.49447E-1  0.41335E-1  0.61318E-1 -0.71664E-1
  0.13687E-1  0.23424E-1  0.91582E-1  0.16879E-1 -0.13328E-1 -0.14333E-1 -0.89723E-2 -0.25459E-2
 -0.29265E-1 -0.62434E-1 -0.69517E-1 -0.25261E-1  0.16051E+0  0.13942E+0  0.20489E+0 -0.31319E+0
  0.72661E-2  0.27774E-1  0.14308E-1  0.73238E-2 -0.92089E-1 -0.89239E-1  0.80262E-2  0.29874E-1
  0.13021E-2  0.32225E-2  0.65915E-2  0.69620E-3 -0.27506E-2 -0.37449E-2  0.78554E-2 -0.52538E-2
 -0.38327E-1 -0.67000E-1 -0.28023E-1 -0.21503E-1  0.13006E+0  0.99413E-1  0.28094E+0 -0.32218E+0
  0.11856E-1 -0.63271E-2  0.33051E-1  0.13933E-1 -0.10813E-1  0.34693E-2 -0.14666E+0  0.70685E-1
 -0.10704E-1 -0.11926E-1 -0.15953E-2  0.25842E-3  0.14226E-2  0.18594E-2 -0.85055E-2  0.16665E-2
  0.38685E-2  0.66122E-1  0.41053E-1  0.28286E-3  0.16356E-2 -0.96082E-2  0.58316E-1  0.77429E-1
  0.78735E-2  0.71354E-1 -0.77050E-1 -0.23577E-1  0.47159E-1  0.38387E-1  0.15452E+0 -0.86052E-1
 -0.43282E-2 -0.16156E-2 -0.65528E-2 -0.26301E-2  0.11424E-1  0.99730E-2  0.12930E-1 -0.86708E-2
  0.42638E-1 -0.15448E-1 -0.25960E-1  0.26033E-1 -0.10156E+0 -0.35572E-1 -0.44374E+0  0.73308E-1
  0.47595E-2 -0.19117E-1  0.18831E-1  0.10717E-1 -0.55992E-1 -0.55221E-1 -0.10856E+0  0.89309E-1
  0.32014E-1  0.33756E-1  0.99632E-3  0.68404E-3 -0.45190E-2 -0.35691E-2 -0.20086E-1  0.92071E-2
 -0.91705E-2 -0.10396E-1  0.32507E-1  0.54055E-2 -0.42437E-1 -0.47399E-1 -0.78002E-1  0.15392E+0
 -0.42127E-1 -0.90274E-1  0.47046E-1  0.41529E-2 -0.10558E-1 -0.37622E-1  0.52871E-1  0.33030E-1
 -0.31239E-1 -0.27472E-1  0.88821E-3  0.21920E-2  0.22199E-2  0.59232E-3 -0.45901E-2  0.85835E-3
  0.47930E-2  0.45075E-1  0.14229E-2 -0.89230E-2  0.12575E-2 -0.22643E-1  0.14898E+0 -0.75017E-2
 -0.24288E-1 -0.79870E-1  0.62365E-1  0.97013E-2  0.59051E-1  0.59083E-1 -0.14996E-1 -0.52708E-1
  0.49237E-1  0.44293E-1  0.44703E-3  0.21008E-2 -0.34628E-1 -0.31278E-1  0.76971E-2  0.88427E-3
 -0.13114E-1  0.16682E-1  0.26369E-1 -0.37454E-2  0.25697E-1  0.20431E-1  0.68782E-1  0.40772E-1
 -0.88520E-2 -0.38935E-1  0.43437E-3  0.48035E-2 -0.32169E-1 -0.33572E-1 -0.53337E-1  0.10654E-1
  0.28604E-1  0.15833E-1  0.50999E-2 -0.42775E-2  0.36831E-2  0.25617E-2  0.15310E-1  0.27851E-2
  0.34179E-1  0.89208E-1  0.11501E-1  0.54608E-2 -0.49176E-1 -0.37351E-1 -0.34763E-2  0.35767E-1
  0.15360E-1  0.26840E-1  0.23953E-1  0.80053E-2 -0.18653E-1 -0.58577E-2 -0.37167E-1  0.13082E-1
 -0.93666E-1 -0.90847E-1  0.22135E-1 -0.37683E-2  0.88787E-1  0.79774E-1 -0.45858E-3 -0.29705E-2
  0.11659E-1  0.36307E-1  0.11216E+0  0.28118E-1 -0.18678E+0 -0.18579E+0  0.82434E-1 -0.60060E-1
  0.14625E-1  0.43100E-1  0.10344E+0  0.33420E-1 -0.28664E+0 -0.28340E+0  0.12829E+0 -0.10900E+0
 -0.43602E-2 -0.30442E-1 -0.23429E+0 -0.36955E-1 -0.10218E-1 -0.30402E-2  0.16757E-1  0.18891E-2
  0.17171E-2  0.13059E-1  0.50695E-1  0.14485E-2  0.10856E+0  0.10662E+0 -0.65428E-1  0.88371E-1
  0.18528E-2 -0.10871E-1 -0.49913E-1 -0.38837E-2 -0.47587E-1 -0.43190E-1 -0.48081E-2 -0.17591E-2
  0.53670E-2  0.90614E-1  0.73777E+0  0.10457E+0  0.20621E+0  0.17266E+0 -0.65165E-1 -0.57011E-2
  0.47238E-2 -0.26566E-2 -0.11100E+0 -0.94379E-2 -0.97701E-1 -0.87218E-1 -0.37493E-1  0.32206E-1
  0.36806E-2  0.86086E-2 -0.59263E-2  0.22053E-2 -0.52558E-1 -0.49542E-1 -0.19481E-2  0.35651E-2
 -0.28280E-1 -0.38318E-1 -0.13061E+0 -0.29417E-1  0.73630E-1  0.71140E-1  0.26810E-1 -0.63770E-2
  0.76531E-1 -0.26851E-1 -0.23523E-1  0.36127E-1 -0.94802E-1  0.86614E-2 -0.44035E+0 -0.38122E-1
  0.13060E+0  0.13506E+0 -0.29393E-1  0.12270E-1 -0.35487E-1  0.61259E-1 -0.10236E+0 -0.11624E+0
 -0.61492E-1 -0.75526E-1  0.99720E-2  0.26845E-2 -0.80998E-2 -0.23650E-2 -0.16705E-2 -0.26334E-2
  0.17005E-1 -0.19868E-1  0.55981E-2  0.15125E-1 -0.56853E-1  0.61092E-1 -0.58526E-1 -0.15668E+0
  0.47364E-1  0.84163E-1 -0.16356E-1 -0.10902E-1 -0.63248E-2  0.52441E-1  0.54111E-1 -0.50011E-1
  0.21451E+0  0.33178E+0 -0.54523E-1 -0.53021E-2  0.49575E-1  0.13814E-1  0.10340E-1 -0.16192E-1
  0.10059E+0  0.90657E-1 -0.59136E-2 -0.64239E-2  0.36465E-1  0.27290E-1  0.14546E+0 -0.30360E-1
 -0.23090E+0  0.22615E-2 -0.25156E-2 -0.47701E-2  0.59681E-3 -0.24693E-1 -0.51644E-2  0.55153E-1
 -0.25331E-1 -0.13948E+0  0.21665E-1 -0.56365E-2 -0.50143E-1  0.16010E-1 -0.11844E-3  0.12394E-1
 -0.14067E-1  0.45858E-1 -0.28137E-2 -0.51531E-1  0.15975E+0 -0.12535E+0  0.25210E+0  0.38620E+0
 -0.88286E-1  0.28727E-1 -0.10399E-1  0.85581E-2 -0.41865E-1  0.26401E-1 -0.13114E+0 -0.85843E-1
  0.25744E-1 -0.15235E-1 -0.30971E-2  0.22333E-1  0.11516E-1 -0.91149E-2 -0.12758E-1 -0.15646E-1
 -0.14021E+0 -0.51488E-1  0.20221E-1  0.11761E-2 -0.33696E-1  0.45381E-1  0.71889E-1 -0.11244E+0
  0.40765E-1 -0.12791E+0  0.27027E-1  0.81880E-3  0.69521E-1 -0.68260E-1  0.13545E+0  0.10931E+0
 -0.10955E-1 -0.11807E-1  0.55465E-2 -0.22331E-2  0.52231E-2 -0.79118E-2  0.13321E-1  0.10627E-1
 -0.45615E-1  0.38648E-1 -0.57413E-2 -0.48874E-1  0.20048E+0 -0.19044E+0  0.17353E+0  0.37104E+0
  0.17714E+0 -0.11973E+0  0.22103E-1 -0.13304E-1 -0.11024E+0  0.11643E+0  0.19037E-1  0.11138E-1
 -0.61450E-1  0.47745E-1  0.24514E-2 -0.43323E-1 -0.31501E-1  0.26418E-1 -0.11772E-1 -0.21345E-2
  0.42325E-2 -0.24313E-2  0.46777E-2 -0.61035E-1  0.97837E-1 -0.11766E+0 -0.54948E-1  0.88218E-1
  0.94630E-1 -0.98633E-1  0.19696E-1 -0.23218E-1 -0.84720E-2  0.21849E-2  0.65572E-1  0.85783E-1
  0.23398E+0 -0.15374E+0 -0.29849E-1  0.28323E+0  0.68917E-1 -0.47501E-1  0.26945E-1 -0.70790E-2
 -0.13243E+0  0.40265E-1 -0.57383E-2  0.31788E-1 -0.45366E-3 -0.20974E-1 -0.10625E+0 -0.28802E+0
 -0.16270E+0  0.50407E-1 -0.98171E-2  0.15782E-1  0.12801E+0 -0.15643E+0 -0.89927E-1 -0.14142E+0
  0.15002E+0 -0.87417E-1  0.63189E-1 -0.34865E+0 -0.11375E-1 -0.88523E-2 -0.75442E-2 -0.26926E-1
  0.14050E-1  0.26264E-1  0.20219E-2  0.75236E-1 -0.39969E+0  0.45401E+0  0.14669E+0  0.91256E-1
 -0.14359E-1  0.21062E-2  0.49728E-2 -0.93091E-2 -0.80179E-1  0.81274E-1 -0.20296E-1 -0.55534E-1
 -0.11082E+0  0.71866E-1 -0.23710E-1  0.10003E+0 -0.19239E-1  0.24144E-1 -0.94544E-2  0.61866E-2
  0.92999E-1 -0.92968E-1  0.65242E-2 -0.35333E-2  0.11515E+0 -0.14873E+0 -0.12089E+0 -0.14096E+0
 -0.69305E-1  0.85364E-1 -0.18776E-1  0.50667E-2  0.11689E+0 -0.11056E+0  0.79555E-2  0.19364E-1
 -0.31153E-1  0.12887E-1 -0.12590E-2  0.41139E-2  0.48708E-2 -0.38390E-2  0.69641E-2  0.82690E-2
 -0.11466E+0 -0.75960E-1  0.24419E-1  0.35515E-2 -0.99983E-2  0.24460E-3  0.86252E-1 -0.44132E-1
  0.73481E-1  0.32346E-1 -0.12947E-1 -0.17242E-2 -0.15320E-1  0.23745E-1 -0.61916E-1 -0.10551E-1
 -0.40691E+0 -0.63307E+0  0.10541E+0  0.86555E-2 -0.85432E-1 -0.38916E-1 -0.19090E-1  0.61231E-1
  0.23377E-1  0.69089E-1 -0.63420E-2  0.55498E-2 -0.23499E-1  0.40011E-1 -0.78956E-2 -0.10684E+0
 -0.69228E-1  0.25686E-1 -0.32489E-2  0.33092E-2 -0.23645E-1  0.14221E-1 -0.35886E-1 -0.49316E-1
 -0.49813E-1  0.18766E+0 -0.29238E-1  0.97207E-2  0.10404E+0 -0.49425E-1 -0.55353E-2 -0.99722E-2
  0.10348E+0 -0.58145E-1  0.10864E-1 -0.25173E-1 -0.64125E-1  0.55581E-1 -0.45470E-1  0.81442E-1
  0.69961E-1 -0.51544E-1  0.10990E-1 -0.15542E-1 -0.66503E-1  0.62087E-1 -0.40885E-2  0.51896E-1
 -0.48289E+0  0.33471E+0  0.49293E-1 -0.53380E+0 -0.13218E+0  0.88548E-1 -0.65574E-1  0.22598E-1
 -0.48924E-1 -0.22538E-1 -0.12408E-1  0.97034E-1  0.67738E-1 -0.78501E-1 -0.47985E-1 -0.23271E+0
 -0.60393E-1  0.50689E-1 -0.34225E-2 -0.11639E-1 -0.16139E-1  0.14737E-1 -0.10816E-1  0.67687E-1
 -0.34026E+0  0.22096E+0 -0.12367E+0  0.64244E+0  0.14992E-2  0.38424E-1  0.19742E-1  0.10925E+0
  0.30545E-1 -0.85110E-2  0.50897E-2  0.20871E-1 -0.18254E+0  0.20788E+0  0.80435E-1  0.71923E-1
  0.72117E-1 -0.44696E-1  0.13133E-1  0.10327E-1 -0.25571E+0  0.28925E+0  0.12213E+0  0.14049E+0
  0.20495E+0 -0.12862E+0  0.42276E-1 -0.17774E+0  0.66684E-1 -0.80730E-1  0.38897E-2 -0.18953E-1
         0.0         0.0         0.0         0.0         0.0         0.0         0.0         0.0
     1056.24     1072.02     1076.02     1098.03     1115.90     1156.60     1168.47     1246.71
  0.84847E-1  0.45199E-1 -0.41103E-1  0.98208E-1 -0.63989E-2  0.15435E-1 -0.84801E-3  0.42009E-1
 -0.36428E-1  0.28547E-1  0.69165E-1 -0.48756E-1  0.42836E-2  0.12477E+0 -0.37040E-3 -0.35393E-1
 -0.56127E-3  0.78968E-3  0.34767E-2  0.41677E-2 -0.19230E-4  0.41817E-2 -0.97472E-5 -0.48704E-3
 -0.45068E-1 -0.19222E-1 -0.54146E-1 -0.20945E+0  0.73368E-2 -0.34018E+0  0.14182E-2 -0.17182E-1
  0.41255E-1  0.32973E-2 -0.38004E-1  0.43537E-1 -0.54489E-2  0.17653E+0 -0.14481E-2  0.40466E-1
 -0.23710E-2 -0.63644E-2  0.60576E-2  0.21148E-1 -0.60674E-3 -0.14683E-1  0.56730E-4  0.28776E-2
  0.13342E+0  0.11874E+0 -0.17379E+0 -0.25823E+0 -0.91600E-3 -0.40679E-2 -0.14809E-2  0.58149E-1
  0.58409E-1  0.48036E-1 -0.40963E-1 -0.89580E-2 -0.96018E-3 -0.17512E+0  0.47474E-3 -0.10489E-1
  0.13513E-1  0.20495E-1 -0.37429E-1 -0.77699E-1  0.16464E-2 -0.20099E-1 -0.00000E+0 -0.16209E-2
 -0.15756E-1 -0.67509E-1  0.11655E+0  0.43020E+0 -0.11378E-1  0.12740E+0 -0.11465E-2 -0.25511E-1
 -0.49274E-1 -0.70274E-1 -0.38192E-1 -0.12639E+0  0.59260E-2 -0.12789E+0  0.30126E-2 -0.96730E-1
 -0.54118E-2 -0.64043E-2  0.17653E-1  0.26413E-1 -0.51543E-3  0.67271E-2 -0.56730E-4 -0.61825E-2
 -0.24048E+0 -0.18335E+0  0.17688E+0 -0.96778E-1  0.20296E-1  0.17203E-1  0.49474E-2 -0.13541E+0
  0.26959E-1 -0.33301E-2 -0.33932E-1  0.57508E-1 -0.27038E-2 -0.10740E+0 -0.49564E-3  0.12137E+0
 -0.33025E-2 -0.34476E-2  0.26852E-2  0.54016E-2 -0.12076E-3 -0.46156E-2  0.62701E-4  0.55959E-2
 -0.23047E+0 -0.14235E+0  0.14009E+0 -0.11274E+0  0.12715E-1 -0.23924E-1  0.55834E-2 -0.95962E-2
  0.15958E-1 -0.17614E-2  0.29905E-1 -0.80086E-2  0.79082E-2  0.32495E-2 -0.29201E-2  0.94748E-1
 -0.17629E-2  0.43447E-3  0.77641E-2 -0.35617E-2  0.13931E-2 -0.12475E-3  0.56730E-4  0.12266E-1
  0.99997E-1  0.98729E-1 -0.11196E+0  0.50612E-1 -0.10178E-1  0.54530E-2 -0.46104E-2  0.96248E-1
 -0.20926E-1 -0.73493E-1 -0.78763E-1  0.46930E-1  0.65624E-2 -0.74197E-2  0.31679E-2  0.23357E-1
 -0.39289E-2 -0.75824E-2 -0.45776E-2  0.19087E-2  0.10577E-3  0.18326E-2  0.28754E-3  0.18285E-2
 -0.89946E-1 -0.24292E+0  0.20374E+0 -0.11708E+0  0.37170E-1 -0.93133E-2  0.21265E-1 -0.44279E-1
  0.47503E-1  0.13815E+0  0.10222E+0 -0.69411E-2 -0.26325E-1  0.72413E-2 -0.79213E-2 -0.44584E+0
  0.26559E-2 -0.23039E-2  0.34941E-2 -0.32882E-2  0.20028E-2 -0.84888E-3 -0.41801E-4 -0.22227E-1
  0.10368E+0 -0.13037E+0 -0.32026E+0  0.83296E-1 -0.16350E-1 -0.21572E-1 -0.58432E-2  0.62280E-2
  0.36472E-1  0.78007E-1 -0.45023E-1  0.73702E-2  0.17881E-1  0.31095E-2 -0.30933E-2  0.16808E+0
 -0.12651E-2  0.15641E-1  0.20440E-1 -0.21698E-2  0.13637E-2  0.60547E-3  0.80616E-4  0.13617E-1
  0.60038E-1  0.33647E+0  0.18710E+0  0.22717E-2  0.18556E-2  0.39185E-1 -0.11704E-2  0.14571E+0
 -0.75997E-1 -0.15974E+0 -0.75367E-1 -0.90368E-1  0.57434E-2 -0.57931E-2  0.35292E-2  0.10289E+0
  0.44111E-2  0.72051E-2 -0.65217E-2  0.45809E-2 -0.23268E-2 -0.12566E-2 -0.60611E-3 -0.14580E-1
  0.72793E-1 -0.16247E+0 -0.42155E+0  0.94994E-1 -0.36288E-1 -0.21459E-1 -0.13242E-1 -0.40576E+0
 -0.17830E-1  0.93897E-1  0.20572E+0 -0.43350E-1  0.25927E-1  0.11454E-1  0.75089E-2  0.33301E+0
  0.66364E-2 -0.35288E-1 -0.58059E-1  0.18553E-2  0.23183E-2 -0.70496E-2  0.51571E-3  0.26755E-1
  0.78391E-1  0.44884E+0  0.37648E+0 -0.46307E-1 -0.91365E-2  0.60678E-1  0.11102E-2 -0.20179E+0
  0.19718E-1  0.16795E+0  0.17394E+0 -0.50988E-1 -0.56992E-2  0.28257E-1  0.22073E-2 -0.12192E+0
 -0.64029E-2 -0.41563E-1 -0.43323E-1 -0.22350E-1  0.25539E-2  0.33224E-2  0.12045E-2  0.31278E-1
 -0.39727E-1 -0.49849E-1 -0.13998E-1 -0.51043E-1  0.23541E-2  0.51311E-1 -0.56590E-3 -0.84778E-2
 -0.79118E-1 -0.15625E+0 -0.37484E-2  0.47641E-1 -0.19453E-2  0.59102E+0 -0.41352E-2  0.20541E-2
  0.91142E-2  0.84142E-2 -0.36193E-1 -0.75257E-1  0.13981E-2  0.71588E-1 -0.42139E-3 -0.21742E-2
  0.79753E-1  0.60152E-1 -0.16435E+0 -0.35437E+0  0.51094E-2  0.47205E+0 -0.34032E-2 -0.11923E-2
 -0.10045E-1  0.22364E-2  0.62033E-1  0.17544E+0 -0.35619E-2 -0.39614E+0  0.25837E-2  0.85738E-2
 -0.26081E-1 -0.48121E-1  0.99993E-1  0.23409E+0 -0.54730E-2  0.39330E-1  0.19902E-4  0.10392E-1
  0.39191E-2 -0.82983E-1  0.92116E-1  0.52621E+0 -0.18975E-1  0.11667E+0 -0.28554E-4  0.62494E-2
 -0.68141E-2 -0.55360E-1  0.21767E-1  0.20828E+0 -0.84998E-2  0.89682E-2  0.13594E-2 -0.20764E-1
  0.38663E-2 -0.92098E-2 -0.48643E-1 -0.43848E-1  0.11882E-2 -0.15357E-1  0.70521E-3  0.66246E-3
 -0.14674E+0 -0.25018E+0  0.16772E+0 -0.13302E+0  0.17039E-1 -0.16275E-1  0.11776E-1 -0.35350E-1
 -0.25245E-1  0.33644E-1 -0.90598E-2 -0.48250E-2 -0.17566E-1  0.44665E-2 -0.33381E-2 -0.31148E+0
 -0.37465E-3  0.60967E-2 -0.18865E-2  0.18023E-2 -0.27716E-2  0.76977E-3 -0.73749E-3  0.13478E-2
  0.34532E-1  0.74980E-1 -0.79731E-1  0.37315E-1  0.36236E+0  0.50872E-2  0.25770E-1  0.46188E-1
  0.46487E-1 -0.20361E-2 -0.91722E-1  0.39394E-1  0.32873E-1 -0.34077E-3  0.10510E-2  0.18169E+0
  0.54837E-2 -0.23738E-1 -0.79112E-3 -0.38085E-3  0.48056E-1 -0.15426E-2  0.26603E-2  0.14648E-1
  0.18453E-1  0.10719E+0 -0.80304E-1  0.39994E-1 -0.36784E+0  0.44787E-2 -0.50122E-1  0.45996E-1
  0.75820E-1 -0.10929E+0  0.79132E-1 -0.31278E-1  0.74219E-1 -0.63438E-2  0.32844E-3  0.60879E-1
 -0.48345E-2  0.70243E-2  0.99321E-2 -0.24407E-2 -0.20897E-1 -0.17038E-3  0.55356E-2 -0.93585E-2
  0.31350E-1 -0.18736E+0  0.17279E+0 -0.55950E-1 -0.16279E-1 -0.52515E-2  0.37259E-1 -0.54492E-2
 -0.36423E-1 -0.13851E-1  0.16177E-2 -0.15132E-1 -0.68446E-1  0.37941E-2  0.42607E-2  0.57891E-1
  0.49602E-2  0.69445E-2 -0.17902E-2  0.20303E-2 -0.34991E-2  0.11227E-2 -0.21498E-3 -0.59929E-2
  0.42476E-1  0.12006E+0 -0.93448E-1  0.48708E-1 -0.21538E-1  0.49365E-2 -0.40061E-2  0.69766E-1
 -0.16880E-2  0.25569E-1 -0.58689E-2  0.15156E-1  0.58182E-1  0.10628E-2  0.16375E-2  0.10166E-1
  0.11979E-2 -0.76668E-4 -0.14776E-2 -0.12958E-2  0.28846E-3 -0.19865E-2 -0.26318E-3 -0.88327E-3
 -0.35925E-4 -0.21089E+0  0.19280E+0 -0.74831E-1 -0.20337E-1 -0.92525E-2 -0.23552E-1 -0.92930E-1
 -0.96910E-1  0.67068E-1 -0.63690E-1  0.23905E-1 -0.12733E-1  0.52028E-2  0.18777E+0  0.76190E-1
 -0.22340E-1  0.72545E-2 -0.65242E-2  0.70537E-3 -0.11446E-1 -0.13692E-3 -0.66284E-3  0.54366E-2
 -0.36190E+0  0.14352E+0 -0.10962E+0  0.33778E-1  0.53576E-1  0.56774E-2 -0.19488E+0 -0.14659E-1
  0.56921E-1 -0.64799E-1  0.57587E-1 -0.21421E-1  0.29203E-1 -0.53063E-2  0.14480E+0 -0.69722E-1
  0.40703E-1 -0.64513E-2  0.48989E-2  0.64369E-4 -0.27215E-2  0.00000E+0  0.16025E-1 -0.21190E-2
  0.27217E+0  0.84545E-3 -0.12488E-1  0.69733E-2 -0.17913E-1 -0.41531E-2  0.52797E-1  0.39376E-1
  0.74806E-1  0.26998E-1 -0.27248E-1  0.84511E-2 -0.43120E-2  0.59330E-3  0.13850E+0 -0.13296E-1
  0.54283E-1 -0.15028E-1  0.11631E-1 -0.22529E-2 -0.21913E-2  0.21602E-3  0.79959E-2 -0.22050E-2
  0.14681E+0 -0.10326E+0  0.83128E-1 -0.23505E-1 -0.29347E-1 -0.20781E-2  0.33868E+0 -0.25213E-1
  0.16551E-2  0.29847E-1 -0.27925E-1  0.11133E-1  0.16656E-1 -0.45639E-4 -0.12789E+0  0.32938E-1
 -0.28807E-1  0.48848E-2 -0.41508E-2 -0.27089E-3 -0.10512E-1 -0.10953E-3 -0.87841E-2  0.54340E-2
 -0.75285E-1  0.10543E+0 -0.92098E-1  0.29787E-1  0.15803E-1  0.37397E-2 -0.13154E-1  0.28999E-1
  0.58401E-1 -0.54645E-1  0.48197E-1 -0.17227E-1 -0.19822E-1 -0.20014E-2 -0.13913E+0 -0.13373E-1
  0.12021E-2  0.31817E-3  0.38492E-3  0.12083E-2  0.13437E-1  0.79461E-3 -0.33336E-2 -0.50025E-2
  0.10483E+0  0.11961E+0 -0.51660E-1  0.59966E-1  0.50257E+0  0.87646E-2  0.31220E-1 -0.24313E+0
 -0.53608E-1 -0.63313E-1 -0.43906E-2 -0.22911E-1 -0.26415E+0 -0.54060E-2 -0.16782E-1  0.22538E+0
 -0.17323E-1  0.64701E-1  0.13449E-1  0.66891E-2 -0.19833E+0  0.13530E-1 -0.11713E-1 -0.59022E-1
 -0.10253E-1  0.98637E-1 -0.40003E-1  0.85094E-2 -0.51289E+0 -0.47526E-3 -0.83311E-1 -0.18539E+0
  0.10791E-1  0.12798E-1  0.10507E-1 -0.10634E-1 -0.22434E+0 -0.36460E-2 -0.42152E-1 -0.10612E+0
  0.18025E-1 -0.40199E-1 -0.20939E-1  0.28976E-2  0.91501E-1  0.26682E-2 -0.14961E-1  0.47585E-1
 -0.41414E+0  0.18695E+0 -0.14463E+0  0.49578E-1  0.92596E-1  0.81870E-2 -0.24590E+0  0.63138E-2
 -0.16857E+0  0.70754E-1 -0.52514E-1  0.18528E-1  0.56294E-1  0.28216E-2 -0.84440E-1 -0.14170E-1
 -0.10800E+0  0.10603E-1 -0.44597E-2 -0.57649E-2  0.41705E-2 -0.33259E-2 -0.55478E-1  0.87512E-2
  0.40850E+0 -0.10844E+0  0.80922E-1 -0.23762E-1  0.10875E-1 -0.84815E-2 -0.39389E+0  0.14744E-1
 -0.21098E+0  0.83161E-1 -0.66304E-1  0.20429E-1 -0.12952E-1  0.56767E-2  0.32807E+0 -0.66033E-2
 -0.20669E+0  0.47579E-1 -0.35323E-1  0.56522E-2  0.64845E-2 -0.13711E-2 -0.33884E-1  0.87577E-2
  0.54701E-1 -0.58058E-1  0.49313E-1 -0.14393E-1  0.10792E-1 -0.22238E-2 -0.59355E-1 -0.83291E-2
  0.34549E-1 -0.86572E-1  0.77925E-1 -0.23488E-1  0.75314E-1 -0.71959E-2 -0.61473E+0  0.85833E-2
  0.42158E-1 -0.45171E-2  0.15351E-2 -0.37075E-3  0.10294E-2 -0.49642E-3  0.12946E-1 -0.24783E-2
         0.0         0.0         0.0         0.0         0.0         0.0         0.0         0.0
     1294.15     1302.34     1314.60     1337.01     1346.14     1380.44     1384.13     1443.51
  0.38985E-1 -0.23918E-1 -0.55040E-1 -0.25884E-1 -0.92358E-1 -0.13980E-1  0.40528E-1  0.42861E-1
 -0.35269E-2  0.44300E-1 -0.13232E-1 -0.26745E-1  0.18208E-1  0.15760E-1  0.49538E-1  0.17864E-1
  0.46134E-3  0.13892E-2 -0.15460E-2 -0.17908E-2 -0.74307E-3  0.76003E-3  0.37321E-2  0.17687E-2
 -0.58614E-1 -0.89234E-2  0.11089E+0  0.75267E-1  0.17009E+0  0.38927E-1 -0.83157E-1 -0.80625E-1
 -0.45689E-1 -0.13783E+0  0.13069E+0  0.14034E+0 -0.32984E-1 -0.14378E+0 -0.36554E+0 -0.18056E+0
 -0.30324E-2 -0.81259E-2  0.80192E-2  0.82137E-2 -0.48114E-3 -0.70241E-2 -0.19737E-1 -0.10007E-1
  0.12166E-1 -0.84768E-1 -0.10341E-1  0.71300E-2 -0.14475E+0 -0.55212E-1  0.20568E-1  0.13841E+0
 -0.30255E-1  0.21286E-1  0.47507E-1  0.10813E-1  0.14355E+0  0.10501E+0  0.13141E+0  0.68182E-1
 -0.11543E-2  0.38966E-2  0.11516E-3 -0.23744E-2  0.81405E-2  0.81825E-2  0.14797E-1  0.85361E-2
  0.26832E-1  0.84926E-1 -0.10330E+0 -0.11771E+0 -0.18668E-1  0.68341E-1  0.21066E+0 -0.11713E-1
 -0.84613E-1  0.12002E+0  0.75576E-1 -0.31504E-1  0.27217E+0  0.16931E+0  0.24100E+0  0.48436E-1
  0.12151E-3  0.93400E-2 -0.26041E-2 -0.41658E-2  0.84940E-2  0.60853E-2  0.79441E-2 -0.22153E-2
  0.32160E-1  0.23323E+0 -0.82768E-1 -0.67294E-1  0.16459E+0  0.38709E-1 -0.88537E-1 -0.19179E+0
  0.16090E+0 -0.96776E-1 -0.24054E+0 -0.83699E-1 -0.49497E+0 -0.21712E+0 -0.15167E+0 -0.29287E-1
  0.81620E-2 -0.57115E-2 -0.11117E-1 -0.19093E-2 -0.25717E-1 -0.14493E-1 -0.18000E-1 -0.69865E-2
 -0.27809E-1 -0.13787E+0  0.65153E-1  0.88074E-1 -0.22169E+0 -0.18550E+0 -0.21559E+0  0.11720E+0
  0.29221E+0  0.24865E+0 -0.27305E+0 -0.24272E-1  0.21454E+0  0.96549E-1 -0.26140E+0 -0.27492E+0
  0.16871E-1  0.99450E-2 -0.12341E-1  0.17024E-2  0.10746E-1  0.29490E-2 -0.15728E-1 -0.10382E-1
  0.50764E-1 -0.37727E-2 -0.57104E-1 -0.25216E-1  0.54153E-1  0.64263E-1  0.24732E-1 -0.74748E-1
 -0.70408E-2 -0.56128E-1  0.16987E-1  0.16426E-1 -0.13726E-1 -0.92687E-5  0.17539E-2  0.12176E-1
 -0.33544E-2 -0.45986E-2  0.39016E-2  0.55575E-3 -0.15556E-2 -0.16066E-3  0.52885E-2  0.40399E-2
  0.42247E-1  0.20016E+0  0.10794E+0  0.96201E-1 -0.68063E-2 -0.21013E+0 -0.18158E-1  0.34474E+0
 -0.12069E+0  0.26674E+0 -0.36491E-1 -0.91330E-1 -0.67674E-1 -0.12713E+0 -0.22750E+0  0.45431E-1
 -0.20920E-2  0.16469E-1 -0.28909E-2 -0.21964E-2 -0.20208E-2 -0.72418E-2 -0.12708E-1  0.35345E-2
  0.72040E-1  0.12842E+0 -0.45098E-1  0.63466E-2  0.16850E+0  0.33909E-1  0.18189E-2  0.11704E+0
 -0.10377E+0 -0.16964E+0  0.82872E-1 -0.61978E-1 -0.38417E-1  0.71477E-1  0.25651E+0 -0.18416E+0
  0.33837E-2 -0.44617E-2 -0.20448E-3  0.20473E-3  0.26241E-2  0.40411E-2  0.55490E-2 -0.57206E-2
  0.24835E-1 -0.19448E+0  0.50484E-2  0.52687E-1 -0.23935E-1  0.94931E-1  0.29933E-1 -0.45474E-1
 -0.87149E-1 -0.20897E+0  0.19814E+0  0.11640E+0 -0.62558E-1 -0.31594E-1  0.15810E+0  0.28269E+0
 -0.10809E-1 -0.11562E-1  0.72601E-2  0.14887E-2 -0.13472E-1 -0.37780E-2  0.13616E-2  0.36291E-2
 -0.24166E+0 -0.14313E-1  0.46151E-1 -0.12728E+0 -0.17705E+0 -0.31569E-1  0.64338E-1 -0.17169E+0
  0.15650E+0 -0.11105E-1 -0.23881E-1  0.72483E-1  0.14519E+0  0.45936E-1  0.23313E-1  0.86790E-1
 -0.15651E-1 -0.20518E-1  0.19456E-1 -0.15587E-2  0.58799E-2  0.73997E-2  0.42000E-1  0.67340E-2
 -0.21914E+0  0.61449E-1  0.93931E-1 -0.10884E+0 -0.39768E-1 -0.44872E-1  0.12749E+0 -0.22928E-1
 -0.16897E+0  0.12917E-1  0.11641E+0 -0.42984E-1 -0.38494E-1 -0.55437E-1  0.12057E+0  0.82525E-1
 -0.16829E-1 -0.21234E-1  0.30232E-1  0.75409E-2  0.11417E-1  0.55791E-2  0.48314E-1  0.37962E-1
  0.10411E-1  0.35159E-1 -0.26303E-1 -0.29197E-1  0.26337E-1  0.42799E-1  0.88536E-1  0.38577E-1
  0.83853E-1  0.91383E-1 -0.17438E+0 -0.14452E+0 -0.10384E+0  0.65798E-1  0.29214E+0  0.16978E+0
 -0.22865E-2  0.44871E-2  0.22920E-2 -0.16381E-2  0.12794E-1  0.96196E-2  0.15468E-1  0.74119E-2
 -0.54913E-1 -0.45014E-1  0.13112E+0  0.10392E+0  0.14131E+0  0.67508E-2 -0.13702E+0 -0.82950E-1
  0.33777E-1  0.22977E-1 -0.82703E-1 -0.69655E-1 -0.87075E-1  0.15471E-1  0.14066E+0  0.10812E+0
  0.64332E-2 -0.16482E-1 -0.38667E-2  0.59202E-2 -0.35595E-1 -0.26746E-1 -0.38111E-1 -0.14048E-1
 -0.13728E+0 -0.15141E+0  0.27194E+0  0.19608E+0  0.17883E+0 -0.13586E-1 -0.18884E+0 -0.50308E-2
 -0.11774E+0 -0.75200E-1  0.21520E+0  0.13732E+0  0.20039E+0  0.30735E-1 -0.84605E-1  0.16385E-1
 -0.23950E-1 -0.64073E-2  0.27654E-1  0.18489E-2  0.35337E-1  0.24175E-1  0.49180E-1  0.22130E-1
 -0.45758E-1 -0.21550E+0  0.49800E-1  0.23833E-2 -0.13820E+0  0.10809E+0  0.17147E+0 -0.32972E+0
  0.19688E+0 -0.33119E+0 -0.17699E+0  0.20040E+0  0.23206E-2  0.26992E+0 -0.77349E-2  0.24322E-1
  0.19520E-2 -0.32861E-2 -0.13256E-2 -0.27372E-3  0.15285E-2  0.18095E-2  0.35476E-3 -0.60542E-3
 -0.10024E+0 -0.10055E+0 -0.39137E-1 -0.19120E+0  0.57820E-1 -0.23843E-1  0.32523E-2 -0.19541E+0
  0.52208E-1  0.19291E+0  0.13267E+0 -0.36206E-2  0.65755E-1 -0.25799E+0  0.67260E-1  0.13411E+0
  0.67621E-3  0.12523E-1  0.65338E-2  0.17180E-2 -0.92157E-3 -0.92936E-2 -0.20014E-2  0.62624E-2
 -0.72877E-2  0.16825E+0  0.56811E-1  0.12684E-3 -0.21137E-1 -0.35741E-1 -0.79771E-1  0.16357E+0
  0.91478E-1  0.16279E+0  0.24576E+0  0.11089E-1 -0.11654E+0 -0.11070E+0  0.12333E+0 -0.23250E+0
 -0.39067E-2 -0.63591E-2 -0.11740E-1  0.59906E-2 -0.14989E-3  0.82260E-2 -0.34819E-2  0.31699E-2
 -0.97205E-2  0.14761E+0  0.73379E-1  0.19704E+0 -0.20352E+0  0.22676E+0  0.50466E-2 -0.92693E-1
 -0.32138E+0 -0.18435E+0 -0.29696E+0 -0.20415E+0  0.10394E+0  0.20702E+0 -0.24603E+0  0.27734E+0
  0.27233E-2 -0.88932E-2 -0.84446E-2 -0.41146E-2  0.65694E-2 -0.14877E-2 -0.40541E-2  0.19951E-2
 -0.57810E-1  0.24544E-1 -0.39004E-1 -0.62546E-1  0.58853E-1 -0.46473E-1 -0.41646E-1  0.62612E-1
  0.46608E-2  0.56913E-1  0.32682E-1  0.43189E-2 -0.15973E-1 -0.98093E-2  0.30861E-2 -0.19363E-1
 -0.20609E-2  0.13825E-2  0.35371E-2 -0.38866E-3 -0.14227E-2  0.14212E-2  0.43848E-2 -0.46182E-2
 -0.42184E-2 -0.22889E+0 -0.13727E+0 -0.10517E+0  0.11101E+0  0.72954E-1 -0.55133E-1  0.10214E+0
 -0.24862E+0  0.19491E+0 -0.20957E+0  0.44822E+0 -0.12051E+0  0.75183E-1  0.82156E-1 -0.43964E-1
 -0.49923E-2  0.63096E-2  0.13115E-2  0.32957E-2 -0.38232E-2 -0.36720E-3  0.13021E-2 -0.42741E-2
 -0.22008E-1 -0.72626E-1 -0.10498E+0  0.41191E-2  0.12710E+0 -0.21182E+0  0.67545E-1  0.36996E-2
  0.15084E+0 -0.17182E+0  0.54480E-1 -0.24396E+0  0.16301E+0 -0.21717E+0  0.28036E-1 -0.18964E-1
  0.50319E-2 -0.24282E-2  0.33750E-2 -0.73035E-2  0.25204E-2 -0.17830E-2 -0.13083E-2 -0.17028E-3
 -0.53008E-1  0.11283E+0 -0.11876E-1  0.15855E+0 -0.71013E-1  0.14291E-2  0.46328E-1 -0.92681E-1
  0.86156E-1 -0.55124E-1  0.83581E-1 -0.18422E+0  0.66843E-1 -0.11695E+0 -0.14137E-1  0.24062E-2
  0.75202E-2 -0.50873E-2  0.59651E-2 -0.12504E-1  0.31348E-2 -0.15672E-2 -0.24587E-2  0.21155E-2
  0.10565E+0 -0.46824E-1  0.11592E+0 -0.18209E+0  0.30071E-2  0.74265E-1 -0.71657E-1  0.65587E-1
  0.24539E-2  0.12418E+0  0.10887E+0  0.72926E-1 -0.18637E+0  0.36286E+0 -0.89194E-1  0.77185E-1
 -0.11113E-1  0.45951E-2 -0.67195E-2  0.94710E-2 -0.37788E-2  0.30985E-2  0.11114E-2 -0.35035E-2
 -0.55399E-1  0.46845E-1 -0.39480E-1  0.75938E-1 -0.66091E-2 -0.45290E-1  0.28595E-1 -0.26062E-1
 -0.82351E-3 -0.35271E-1 -0.27468E-1 -0.54776E-2  0.26823E-1 -0.34872E-1  0.93888E-2 -0.84645E-2
  0.61224E-2 -0.18269E-2  0.20831E-2  0.16636E-2  0.36851E-3 -0.84345E-3  0.12518E-2  0.19428E-2
  0.26565E+0 -0.27417E-1 -0.20831E-1  0.24024E+0  0.34137E-1 -0.42676E-1  0.40427E-1  0.17971E+0
 -0.19191E+0  0.54921E-1  0.39635E-1 -0.20554E+0  0.66838E-2 -0.45941E-1 -0.10669E-1 -0.12938E+0
  0.49665E-2 -0.30467E-1 -0.40689E-1  0.98232E-2 -0.19693E-2  0.48254E-1 -0.22861E-1  0.42602E-2
  0.32332E+0 -0.12982E+0  0.27970E-1  0.14564E+0  0.71920E-1 -0.82830E-1  0.12647E+0 -0.22785E-1
  0.23441E+0 -0.63296E-1  0.84198E-1  0.92831E-1  0.14819E-1 -0.82536E-1  0.13482E+0 -0.12249E+0
  0.20194E-2  0.23142E-1  0.58495E-1 -0.30310E-1 -0.66640E-2 -0.36450E-1  0.27904E-1 -0.27607E-1
  0.17929E+0  0.76859E-1  0.30470E+0 -0.18814E+0 -0.13887E+0  0.22762E+0 -0.10346E+0  0.30695E-1
  0.16285E+0  0.11054E-1  0.22949E+0 -0.19367E+0 -0.64606E-1  0.12130E+0 -0.71973E-1  0.14325E-1
 -0.35098E-1  0.14194E-1 -0.27167E-1  0.45529E-1 -0.21963E-1  0.39674E-1 -0.62393E-2  0.55662E-2
  0.35889E-1  0.23469E-1  0.10256E+0 -0.89008E-1 -0.64163E-1  0.15811E+0 -0.80693E-1  0.69752E-1
 -0.10926E-1 -0.11032E-1 -0.50860E-1  0.39770E-1  0.51657E-1 -0.15016E+0  0.62878E-1 -0.69026E-1
 -0.36522E-1  0.15876E-1 -0.35345E-1  0.55775E-1 -0.10201E-1  0.12587E-1  0.82194E-2 -0.14540E-2
 -0.22927E-2 -0.37187E-1 -0.28790E-1 -0.29041E-1  0.50940E-1 -0.88682E-1  0.17521E-1 -0.12679E-1
 -0.12006E+0 -0.39347E-1 -0.19095E+0  0.11732E+0  0.11686E+0 -0.27419E+0  0.10977E+0 -0.90677E-1
  0.65496E-2 -0.38037E-2  0.73214E-2 -0.95104E-2  0.28874E-2 -0.27076E-2  0.18143E-2 -0.19360E-2
         0.0         0.0         0.0         0.0         0.0         0.0         0.0         0.0
     1473.74     1492.49     1551.62     1557.64     1565.41     1587.86     1592.92     1636.94
 -0.26718E-1 -0.41722E-1 -0.24063E-2 -0.70387E-2 -0.76320E-2  0.96335E-3 -0.19849E-1 -0.64733E-2
 -0.10864E-1 -0.24549E-1  0.52508E-1  0.34785E-1  0.17486E-1 -0.68104E-3 -0.25415E-1  0.80120E-2
 -0.84998E-3 -0.14184E-2  0.19815E-2  0.11370E-2  0.47211E-3  0.43656E-4 -0.91406E-3 -0.34628E-4
  0.20876E-1  0.44673E-1 -0.19918E+0 -0.12912E+0 -0.63712E-1 -0.10128E-2 -0.21699E-1  0.12995E-1
  0.18082E+0  0.27819E+0  0.11422E+0  0.74549E-1  0.55155E-1  0.17800E-1  0.31470E+0 -0.15604E+0
  0.91861E-2  0.14324E-1  0.20763E-2  0.15468E-2  0.16662E-2  0.70965E-3  0.14190E-1 -0.65367E-2
 -0.83113E-1 -0.14506E+0  0.42510E+0  0.30101E+0  0.14956E+0 -0.53580E-2  0.17441E-1 -0.15673E-1
 -0.13283E+0 -0.20799E+0 -0.27166E+0 -0.17699E+0 -0.10429E+0 -0.18151E-1 -0.32319E+0  0.16922E+0
 -0.10326E-1 -0.15854E-1 -0.31330E-2 -0.14254E-2 -0.15012E-2 -0.95036E-3 -0.15196E-1  0.67740E-2
  0.74598E-1  0.16843E+0 -0.26414E+0 -0.22536E+0 -0.11732E+0  0.30495E-1  0.20513E+0 -0.18644E+0
 -0.19194E-1  0.31731E-1  0.75166E-1  0.44728E-1  0.27492E-1  0.18663E-1  0.24216E+0 -0.19805E+0
  0.31128E-2  0.82128E-2 -0.86530E-2 -0.68346E-2 -0.28462E-2  0.11804E-2  0.17523E-1 -0.11651E-1
  0.13706E+0  0.19880E+0  0.13604E+0  0.15916E+0  0.11857E+0 -0.37740E-1  0.50380E-1  0.28939E+0
  0.10500E+0  0.12239E+0 -0.11588E+0 -0.10170E+0 -0.61458E-1 -0.10721E-1 -0.12446E+0  0.19036E+0
  0.90260E-2  0.10867E-1 -0.11945E-2 -0.66239E-3 -0.76301E-4 -0.11483E-2 -0.42719E-2  0.13280E-1
 -0.76463E-1 -0.18889E+0  0.23030E-1 -0.80252E-1 -0.10690E+0  0.36592E-1 -0.30996E+0 -0.22202E+0
 -0.86729E-1 -0.17985E+0 -0.47678E-1  0.12822E+0  0.12560E+0 -0.36192E-1 -0.14601E+0 -0.43761E-1
 -0.39769E-2 -0.82980E-2 -0.12159E-2  0.22491E-2  0.15278E-2  0.19257E-3 -0.10602E-1 -0.73508E-2
  0.63528E-2  0.21002E-1  0.46415E-2  0.14204E-1  0.87616E-2  0.65979E-2 -0.14489E-2 -0.62244E-2
  0.69226E-2  0.18659E-1  0.25243E-1 -0.78907E-2 -0.21766E-1  0.97703E-2 -0.25837E-1 -0.89318E-2
  0.13915E-2  0.29883E-2  0.36808E-2  0.28502E-3 -0.88630E-3  0.75089E-3  0.12169E-2 -0.16924E-2
  0.59466E-1  0.23648E-1 -0.12361E+0  0.12441E-1  0.99800E-1 -0.15369E+0  0.15698E+0  0.35634E+0
 -0.11480E+0 -0.24915E+0  0.30918E-1 -0.10362E+0 -0.12415E+0  0.42265E-1  0.14592E+0 -0.19467E+0
 -0.41061E-2 -0.85271E-2 -0.17481E-4 -0.38111E-2 -0.40316E-2  0.11198E-2  0.48527E-2 -0.45850E-2
  0.11418E+0  0.23715E+0  0.27645E+0 -0.13275E+0 -0.23995E+0  0.13736E+0 -0.19925E+0 -0.12963E+0
  0.13306E+0  0.16118E+0 -0.97514E-1  0.14906E+0  0.20217E+0 -0.89990E-1 -0.14775E+0  0.17346E+0
  0.28872E-2  0.44377E-2 -0.30339E-2  0.37295E-2  0.53659E-2 -0.22859E-2 -0.21429E-2  0.45677E-2
 -0.19692E+0 -0.25087E+0 -0.20056E+0  0.44870E-1  0.11648E+0 -0.54788E-1  0.38597E+0  0.30717E-1
 -0.41987E-1  0.89948E-2  0.10001E-1 -0.11610E+0 -0.10303E+0  0.33409E-1  0.24649E+0 -0.15837E-1
 -0.60231E-2 -0.83548E-2 -0.98942E-2 -0.18505E-2  0.23511E-2 -0.25747E-2  0.16824E-1  0.41103E-2
  0.21618E-1 -0.38160E-1 -0.14070E+0  0.11288E+0  0.16878E+0 -0.88238E-1 -0.20042E-2  0.11270E+0
  0.46253E-1  0.11946E+0  0.11680E+0 -0.55155E-1 -0.10179E+0  0.62011E-1 -0.74952E-1 -0.50873E-1
  0.21142E-1  0.33366E-1  0.11055E-1  0.30384E-2 -0.53635E-3  0.14691E-2 -0.29811E-1  0.90395E-2
  0.15400E+0  0.18079E+0  0.99723E-1  0.20555E-1 -0.12754E-1  0.98070E-2 -0.25482E+0  0.24438E-1
  0.12306E+0  0.17101E+0  0.10456E+0 -0.32336E-1 -0.65389E-1  0.28591E-1 -0.14923E+0  0.53887E-2
  0.13606E-1  0.28059E-1  0.25704E-1 -0.84948E-2 -0.17316E-1  0.85255E-2 -0.25260E-1  0.42486E-2
 -0.43159E-1 -0.62840E-1 -0.40608E-1 -0.26744E-1 -0.16724E-1 -0.31107E-2 -0.60577E-1  0.25893E-1
 -0.11595E+0 -0.17247E+0  0.11665E+0  0.75731E-1  0.28603E-1 -0.38068E-2 -0.86107E-1  0.27407E-1
 -0.71855E-2 -0.97936E-2  0.19054E-2 -0.55554E-3 -0.20287E-2  0.72136E-3 -0.10573E-1  0.15005E-2
  0.57765E-2 -0.11028E-3 -0.25053E+0 -0.16839E+0 -0.87242E-1 -0.49906E-2 -0.12266E+0  0.67757E-1
 -0.64341E-1 -0.98962E-1  0.18037E+0  0.12657E+0  0.61155E-1 -0.33649E-2 -0.11653E-1  0.18625E-2
  0.22250E-1  0.32863E-1  0.10556E-1  0.46280E-2  0.34341E-2  0.17073E-2  0.31483E-1 -0.11127E-1
 -0.76948E-1 -0.15360E+0  0.89985E-1  0.87072E-1  0.40662E-1 -0.18242E-1 -0.20833E+0  0.13615E+0
 -0.73036E-1 -0.12563E+0  0.13267E+0  0.11366E+0  0.58581E-1 -0.10444E-1 -0.91993E-1  0.54062E-1
 -0.10533E-1 -0.12396E-1  0.43193E-1  0.26286E-1  0.98652E-2  0.24912E-2 -0.20680E-1 -0.14302E-2
 -0.46237E-1  0.10638E-1 -0.10466E+0  0.13505E+0  0.13863E+0  0.11069E+0 -0.16358E+0 -0.35435E+0
 -0.16511E+0  0.17013E+0  0.10042E+0 -0.32892E-1 -0.12788E+0  0.16840E+0  0.27603E-1  0.17449E+0
  0.34908E-3  0.12306E-3  0.88375E-3 -0.62633E-3 -0.60154E-3 -0.20541E-2  0.14147E-2  0.37417E-2
  0.13126E+0 -0.22817E+0  0.22663E+0 -0.17246E+0 -0.27489E+0 -0.11985E+0  0.11362E+0  0.14106E+0
  0.21137E+0 -0.42742E-1 -0.14372E+0  0.78722E-1  0.20065E+0 -0.18555E+0 -0.71497E-1 -0.15106E+0
 -0.17435E-2 -0.41462E-3 -0.24201E-2  0.67188E-3  0.19182E-2  0.29099E-2  0.85646E-3 -0.60899E-2
 -0.23586E+0  0.18758E+0 -0.14139E+0  0.10039E+0  0.17004E+0  0.34778E+0 -0.35867E-1 -0.63940E-1
 -0.13171E+0 -0.32901E-1  0.36939E-1  0.92204E-2 -0.87324E-1  0.27989E+0  0.30924E-1 -0.84579E-2
  0.22758E-2  0.11681E-2 -0.16335E-2  0.12090E-2  0.62816E-3 -0.45289E-2 -0.23232E-3  0.18642E-2
 -0.18938E+0  0.11622E+0  0.72009E-1  0.51910E-2 -0.16797E+0 -0.20059E+0  0.23272E-1  0.23071E+0
 -0.44561E-1  0.13332E+0 -0.51052E-1 -0.55079E-2  0.12272E+0 -0.16262E+0 -0.31826E-1  0.51912E-1
  0.15718E-2 -0.33491E-2 -0.11518E-2 -0.11502E-2  0.23086E-2  0.38603E-2  0.17528E-2 -0.37112E-2
  0.32454E-1 -0.15331E-1 -0.32370E-2 -0.10211E-1  0.98072E-2 -0.34081E-2  0.92793E-2  0.79623E-2
  0.12183E-1 -0.23891E-1  0.18036E-1 -0.19124E-1 -0.19035E-1 -0.27905E-1  0.77596E-2  0.79709E-2
  0.21375E-2  0.28740E-3  0.13189E-2  0.17349E-3 -0.10804E-2 -0.27591E-2 -0.27931E-2  0.25668E-2
  0.29211E+0 -0.13379E+0  0.22170E-1 -0.13054E+0  0.18133E+0 -0.10170E+0 -0.41054E-1 -0.25694E+0
  0.11006E+0 -0.46153E-1 -0.36354E-1  0.14178E+0 -0.16701E+0 -0.18231E+0 -0.17530E-1 -0.16344E+0
 -0.69759E-2  0.20561E-2 -0.26998E-3  0.29096E-2 -0.45852E-2  0.67970E-2  0.15343E-2  0.74317E-2
  0.11249E+0 -0.76110E-1 -0.12947E+0  0.28261E+0 -0.21572E+0  0.27369E+0  0.40498E-1  0.12855E+0
  0.11379E-3 -0.43802E-1  0.15113E-1 -0.87145E-1  0.11679E+0  0.28698E+0  0.28976E-1  0.15674E+0
 -0.49508E-2  0.25975E-2  0.46441E-2 -0.10856E-1  0.83381E-2 -0.94965E-2 -0.10350E-2 -0.20353E-2
 -0.11991E+0  0.24046E-1  0.17140E+0 -0.40249E+0  0.33196E+0 -0.15038E-1 -0.76006E-2  0.28105E-1
 -0.26352E+0  0.17343E+0 -0.64374E-1  0.21643E+0 -0.23783E+0 -0.29470E+0 -0.26547E-1 -0.11604E+0
  0.31823E-3  0.35403E-3 -0.37137E-2  0.84061E-2 -0.67358E-2  0.12767E-2  0.36928E-3 -0.38716E-3
  0.41406E-1  0.33510E-3 -0.81531E-1  0.18087E+0 -0.14239E+0 -0.54044E-2  0.35194E-3 -0.16181E-1
  0.38834E+0 -0.21132E+0 -0.51297E-2 -0.59866E-1  0.11386E+0  0.30348E+0  0.27474E-1  0.10340E+0
 -0.14368E-2 -0.56986E-3  0.30553E-2 -0.51321E-2  0.20087E-2 -0.18847E-2  0.24099E-3 -0.55290E-3
 -0.59341E-1  0.27312E-1  0.40169E-2  0.29865E-2 -0.13164E-1 -0.14508E-1  0.42166E-3  0.81246E-2
 -0.28446E-1  0.13013E-1  0.20642E-1 -0.43682E-1  0.31915E-1 -0.25914E-1 -0.17885E-2 -0.52743E-2
 -0.10703E-3  0.21416E-2 -0.14267E-3 -0.55764E-3  0.24388E-2 -0.70723E-3 -0.86312E-3 -0.10800E-2
  0.64175E-1  0.90308E-1 -0.13491E+0  0.91896E-1  0.17723E+0 -0.53689E-1 -0.73997E-1 -0.10170E+0
  0.45383E-1 -0.12453E+0  0.88593E-1 -0.72107E-1 -0.11194E+0 -0.43049E-1  0.52164E-1  0.52252E-1
 -0.27528E-1  0.25031E-1 -0.29737E-2  0.23217E-2 -0.86392E-4  0.21822E-1  0.59222E-2  0.26682E-1
  0.22457E+0 -0.99450E-1  0.49309E-1 -0.45471E-1 -0.36054E-1 -0.27072E+0  0.14847E-2  0.14807E-1
  0.15110E+0 -0.11666E+0  0.72066E-1 -0.47373E-1 -0.85840E-1 -0.14742E+0  0.18906E-1  0.17140E-1
 -0.14588E-2 -0.77636E-2  0.21168E-1 -0.14293E-1 -0.14346E-1 -0.94329E-2  0.37783E-3 -0.25441E-2
 -0.10309E+0  0.89506E-1  0.56771E-1 -0.10027E+0  0.55782E-1 -0.23901E+0 -0.30891E-1 -0.90005E-1
 -0.89967E-1  0.60718E-1  0.63421E-1 -0.14113E+0  0.11161E+0 -0.10968E+0 -0.17203E-1 -0.28798E-1
  0.21984E-1 -0.11749E-1 -0.16510E-1  0.36546E-1 -0.28161E-1  0.18514E-2 -0.31151E-4 -0.18634E-1
  0.47708E-1  0.72517E-2 -0.92476E-1  0.22888E+0 -0.20204E+0 -0.68567E-1 -0.30302E-2 -0.44038E-1
 -0.14991E+0  0.60310E-1  0.84022E-1 -0.18331E+0  0.14112E+0 -0.55572E-1 -0.85178E-2 -0.15516E-2
  0.42267E-1 -0.28029E-1 -0.42774E-2  0.47677E-2 -0.38054E-4  0.35495E-1  0.41582E-2  0.70940E-2
 -0.83143E-1  0.45079E-1 -0.64895E-2  0.28049E-1 -0.34456E-1 -0.50836E-1 -0.40004E-2 -0.15750E-1
 -0.20827E+0  0.85296E-1  0.61403E-1 -0.11430E+0  0.68899E-1 -0.75185E-1 -0.66829E-2 -0.77484E-2
  0.17791E-2 -0.18649E-2  0.49917E-2 -0.10590E-1  0.82983E-2  0.30906E-2 -0.44365E-3  0.49795E-2
         0.0         0.0         0.0         0.0         0.0         0.0         0.0         0.0
     1658.10     1672.98     3639.88     3648.68     3650.69     3657.20     3664.16     3667.83
  0.96504E-2 -0.64260E-2  0.32355E-3 -0.15187E-3  0.10305E-3 -0.51460E-3 -0.82914E-3  0.28700E-3
 -0.53667E-2  0.34404E-2  0.32409E-2 -0.11824E-2 -0.10522E-2 -0.15167E-2  0.15174E-3 -0.18845E-2
  0.13361E-3 -0.75798E-4  0.43140E-4 -0.10848E-4  0.16271E-4 -0.21668E-4  0.54192E-5 -0.21660E-4
 -0.47402E-2 -0.18149E-2 -0.61640E-1  0.17226E-1 -0.76748E-1  0.76238E-1  0.96401E-1 -0.29891E-1
  0.11917E+0 -0.65391E-1  0.19379E-1 -0.59581E-2  0.17388E-1 -0.21392E-1 -0.26683E-1  0.59649E-2
  0.50949E-2 -0.29203E-2 -0.11332E-2  0.34559E-3 -0.10666E-2  0.12876E-2  0.15737E-2 -0.33507E-3
  0.14385E-1 -0.48617E-2 -0.37170E-1  0.23052E-1  0.10648E+0 -0.78153E-2 -0.38144E-1  0.73987E-1
 -0.12870E+0  0.67887E-1 -0.52059E-1  0.33685E-1  0.15895E+0 -0.11529E-1 -0.42865E-1  0.98377E-1
 -0.46496E-2  0.23309E-2 -0.21375E-2  0.13857E-2  0.66388E-2 -0.54425E-3 -0.19821E-2  0.42298E-2
  0.16506E+0 -0.96485E-1  0.50166E-1 -0.78588E-2  0.81297E-1 -0.42578E-1  0.66444E-1 -0.65969E-1
  0.18357E+0 -0.10878E+0 -0.78578E-1  0.10956E-1 -0.13918E+0  0.68662E-1 -0.10423E+0  0.10129E+0
  0.10100E-1 -0.58807E-2 -0.83583E-3  0.86397E-4 -0.17345E-2  0.75664E-3 -0.11753E-2  0.10815E-2
 -0.35436E+0  0.24043E+0  0.36374E-2 -0.75764E-3  0.34291E-2 -0.26350E-2  0.31906E-2 -0.41668E-2
 -0.21101E+0  0.13751E+0  0.38554E-2 -0.40540E-3  0.76855E-2 -0.34878E-2  0.48340E-2 -0.40805E-2
 -0.15166E-1  0.99581E-2  0.27090E-3 -0.46522E-4  0.35553E-3 -0.20575E-3  0.21248E-3 -0.31848E-3
  0.33011E+0 -0.23630E+0 -0.35118E-2  0.16216E-2  0.16514E-2  0.27976E-2 -0.41866E-2 -0.13834E-2
  0.19551E+0 -0.19687E+0 -0.48002E-2  0.29874E-2  0.32430E-2  0.68662E-2 -0.51693E-2 -0.50061E-2
  0.13476E-1 -0.10864E-1 -0.79288E-4  0.76429E-4  0.66455E-5  0.24226E-3 -0.39840E-3 -0.46113E-3
 -0.15019E-1  0.23558E-1  0.76035E-3 -0.48816E-3 -0.61829E-3 -0.10780E-2 -0.51483E-3 -0.31408E-3
  0.32391E-4  0.72787E-2 -0.22379E-2  0.48274E-3  0.13559E-3 -0.40627E-3 -0.19022E-2  0.70938E-3
  0.10324E-2 -0.33056E-3 -0.37748E-4  0.00000E+0 -0.10847E-4 -0.27084E-4 -0.92127E-4  0.16245E-4
  0.38741E-1 -0.31994E+0  0.23985E-2 -0.44196E-3 -0.36882E-3 -0.29867E-3 -0.26129E-2 -0.38151E-2
 -0.76005E-1  0.23289E+0 -0.16882E-2  0.42202E-3  0.35886E-3  0.92257E-3  0.32636E-2  0.35895E-2
 -0.20873E-2  0.53325E-2  0.23126E-4  0.66460E-5 -0.33227E-5  0.73009E-4  0.66401E-5 -0.76303E-4
 -0.38809E-1  0.12788E+0  0.39588E-1 -0.71278E-2 -0.20435E-2 -0.56117E-2 -0.67337E-1 -0.10014E+0
  0.92571E-1 -0.20986E+0  0.50147E-1 -0.54829E-2  0.27047E-2  0.32456E-2 -0.10261E+0 -0.15079E+0
  0.21878E-2 -0.52899E-2  0.17080E-2 -0.17944E-3  0.66455E-4  0.15266E-3 -0.36952E-2 -0.53246E-2
 -0.11649E+0  0.10387E+0 -0.55095E-1  0.30575E-1  0.34467E-1  0.67338E-1 -0.65299E-1 -0.38490E-1
 -0.14737E+0  0.17025E+0  0.88000E-1 -0.49725E-1 -0.57111E-1 -0.10838E+0  0.10912E+0  0.67913E-1
 -0.81707E-2  0.66237E-2  0.97128E-3 -0.68786E-3 -0.81075E-3 -0.15896E-2  0.23539E-2  0.19640E-2
  0.49575E-1 -0.12217E+0 -0.11272E+0  0.13201E-1 -0.43871E-2 -0.38768E-2  0.24027E+0  0.34532E+0
 -0.15349E-1  0.43821E-1 -0.16317E+0  0.17903E-1 -0.82013E-2 -0.91163E-2  0.35274E+0  0.50778E+0
  0.53223E-2 -0.11743E-1 -0.79513E-2  0.68855E-3 -0.59509E-3 -0.10368E-2  0.18550E-1  0.26338E-1
  0.56834E-1 -0.69188E-1  0.17238E+0 -0.99591E-1 -0.11441E+0 -0.22151E+0  0.23327E+0  0.15090E+0
  0.52900E-2 -0.45142E-2 -0.28441E+0  0.16175E+0  0.18610E+0  0.35683E+0 -0.36305E+0 -0.22433E+0
 -0.92512E-2  0.81679E-2 -0.10414E-1  0.51675E-2  0.60742E-2  0.10635E-1 -0.76107E-2 -0.13835E-2
 -0.18505E-1  0.97208E-2  0.19338E+0 -0.51909E-1  0.27149E+0 -0.25209E+0 -0.32605E+0  0.11279E+0
 -0.19968E-1  0.13232E-1 -0.55344E-1  0.14966E-1 -0.77467E-1  0.72457E-1  0.92483E-1 -0.33651E-1
 -0.16206E-2  0.16171E-2  0.30513E-2 -0.95338E-3  0.21733E-2 -0.30247E-2 -0.46819E-2  0.93258E-4
 -0.52861E-1  0.26873E-1  0.10882E+0 -0.74292E-1 -0.37520E+0  0.37405E-1  0.11005E+0 -0.23063E+0
 -0.24980E-3  0.12175E-2  0.15611E+0 -0.10639E+0 -0.53362E+0  0.51005E-1  0.15237E+0 -0.32580E+0
  0.59668E-2 -0.22706E-2  0.18966E-2 -0.20146E-2 -0.15389E-1  0.39200E-2  0.67620E-2 -0.96536E-2
 -0.11378E+0  0.65266E-1 -0.15630E+0  0.20315E-1 -0.29287E+0  0.14121E+0 -0.21432E+0  0.20582E+0
 -0.40265E-1  0.21326E-1  0.25228E+0 -0.34184E-1  0.46015E+0 -0.22534E+0  0.34559E+0 -0.33308E+0
  0.37477E-2 -0.24414E-2  0.45324E-2 -0.46417E-3  0.80983E-2 -0.25342E-2  0.11504E-1 -0.10163E-1
 -0.19541E-1  0.31727E+0 -0.21441E-2  0.13358E-2  0.15285E-2  0.31228E-2  0.23639E-2 -0.11611E-2
 -0.56935E-1 -0.23858E+0  0.12686E-2 -0.10467E-2 -0.45854E-3 -0.15033E-2 -0.16169E-2  0.13967E-2
  0.64120E-3 -0.26301E-2  0.16518E-3 -0.49845E-4 -0.96359E-4 -0.73009E-4 -0.22908E-3 -0.30521E-3
 -0.48208E-2 -0.11376E+0 -0.42419E-1  0.28212E-1  0.32546E-1  0.60070E-1  0.67941E-1 -0.19520E-1
  0.76121E-1  0.21832E+0 -0.51422E-1  0.40617E-1  0.49329E-1  0.98695E-1  0.99751E-1 -0.27522E-1
 -0.20551E-2  0.48010E-2  0.16518E-2 -0.11597E-2 -0.15351E-2 -0.26449E-2 -0.38512E-2  0.17583E-3
 -0.15201E+0 -0.12998E+0  0.85820E-1 -0.33828E-2  0.15421E-1  0.96306E-1  0.12297E-1  0.15851E-1
 -0.16537E+0 -0.18002E+0 -0.13551E+0  0.26052E-2 -0.26472E-1 -0.15771E+0 -0.24426E-1 -0.24397E-1
  0.53615E-2  0.50564E-2  0.92503E-3  0.15618E-3  0.25585E-3  0.17389E-2  0.20584E-3  0.33839E-3
  0.36944E+0  0.25406E+0  0.47441E-2 -0.57820E-3  0.93701E-3  0.43971E-2  0.20319E-2  0.27204E-2
  0.20368E+0  0.19295E+0  0.70897E-2 -0.22264E-3  0.21598E-2  0.88241E-2  0.27224E-2  0.12607E-2
 -0.76770E-2 -0.52267E-2  0.32046E-3 -0.93043E-4 -0.21930E-3 -0.29535E-3 -0.66069E-3 -0.85260E-3
 -0.13902E-1 -0.25906E-1 -0.69024E-3 -0.27120E-4  0.59660E-4 -0.19501E-3  0.30890E-3 -0.70396E-4
  0.17977E-2 -0.40510E-2  0.14991E-2  0.00000E+0 -0.24406E-3  0.57419E-3 -0.37393E-3  0.81227E-3
  0.26155E-2 -0.23118E-2  0.43140E-4 -0.12475E-3  0.97625E-4 -0.33043E-3  0.12681E-2  0.12726E-2
 -0.36005E+0 -0.24798E+0 -0.35878E-2  0.26384E-2  0.19936E-4 -0.15797E-2  0.28718E-2 -0.22493E-2
 -0.21578E+0 -0.14647E+0 -0.43840E-2  0.43199E-2 -0.21598E-3 -0.23263E-2  0.29050E-2 -0.33308E-2
  0.91083E-2  0.57156E-2  0.11233E-3  0.59814E-4  0.99682E-4  0.27544E-3  0.66401E-4 -0.11280E-3
  0.14153E+0  0.88372E-1 -0.60530E-1  0.51506E-1 -0.47847E-2 -0.31261E-1  0.35465E-1 -0.49560E-1
  0.17632E+0  0.11017E+0  0.88070E-1 -0.96317E-1  0.99117E-2  0.52593E-1 -0.55222E-1  0.79199E-1
 -0.92893E-3 -0.30700E-3 -0.33037E-3  0.11830E-2 -0.12959E-3 -0.63385E-3  0.55777E-3 -0.92227E-3
  0.31353E-1  0.18094E-1  0.76893E-1  0.10667E+0 -0.19681E-1 -0.17735E-1 -0.21584E-1  0.13253E-1
 -0.10887E+0 -0.61437E-1  0.10671E+0  0.15372E+0 -0.28522E-1 -0.29273E-1 -0.28572E-1  0.12510E-1
 -0.17983E-3  0.39987E-4 -0.44038E-2 -0.61907E-2  0.11796E-2  0.97235E-3  0.13015E-2 -0.99194E-3
 -0.83455E-2 -0.33409E-3 -0.48961E-2 -0.15126E+0  0.16687E-1  0.14237E-2 -0.11859E-1 -0.41054E-1
  0.95337E-1  0.52152E-1 -0.41527E-2  0.35037E-1 -0.28476E-2  0.19314E-2  0.51195E-2  0.11980E-1
 -0.16929E-2 -0.16188E-2  0.56163E-4  0.29076E-2 -0.18940E-3  0.26549E-3  0.43493E-3  0.65023E-3
  0.12867E-1  0.91041E-2 -0.40983E-3 -0.36341E-3  0.10305E-3  0.31418E-3  0.13548E-3  0.41696E-3
 -0.46784E-2 -0.22781E-2 -0.31223E-2 -0.62376E-3  0.36338E-3 -0.37918E-4  0.11218E-2 -0.10397E-2
 -0.20629E-2 -0.12570E-2 -0.13481E-3  0.32544E-4 -0.24406E-3 -0.22209E-3 -0.51483E-3  0.51985E-3
  0.37072E-1  0.12207E+0  0.11337E+0 -0.91121E-1 -0.11245E+0 -0.22548E+0 -0.22929E+0  0.62814E-1
 -0.30450E-2 -0.40125E-1  0.16498E+0 -0.13429E+0 -0.16563E+0 -0.33454E+0 -0.33627E+0  0.91464E-1
 -0.41287E-2 -0.21608E-1 -0.10424E-1  0.75548E-2  0.74204E-2  0.19917E-1  0.16069E-1 -0.12460E-2
  0.10093E+0  0.10413E+0 -0.27533E+0  0.52185E-2 -0.56148E-1 -0.32852E+0 -0.54043E-1 -0.49834E-1
  0.35048E-1  0.28100E-1  0.43928E+0 -0.81374E-2  0.88340E-1  0.52046E+0  0.83174E-1  0.80284E-1
 -0.13560E-1 -0.11525E-1  0.27775E-2 -0.56529E-3 -0.29562E-3  0.15195E-2 -0.19638E-2  0.31458E-2
 -0.94646E-1 -0.59622E-1  0.17694E+0 -0.19772E+0  0.20816E-1  0.10855E+0 -0.11236E+0  0.16601E+0
 -0.27029E-1 -0.16464E-1 -0.28495E+0  0.32258E+0 -0.34050E-1 -0.17443E+0  0.18126E+0 -0.25987E+0
 -0.20248E-1 -0.11063E-1  0.99638E-2 -0.11489E-1  0.11709E-2  0.48635E-2 -0.58441E-2  0.47638E-2
 -0.42458E-1 -0.24637E-1 -0.23125E+0 -0.36708E+0  0.66065E-1  0.68554E-1  0.60379E-1 -0.28680E-1
 -0.41262E-3  0.24373E-3 -0.34235E+0 -0.51773E+0  0.93829E-1  0.94349E-1  0.90911E-1 -0.45099E-1
  0.54751E-2  0.25827E-2  0.24614E-1  0.25493E-1 -0.49062E-2 -0.30718E-2 -0.74942E-2  0.49206E-2
 -0.13180E-1 -0.65059E-2  0.35299E-1  0.51911E+0 -0.59480E-1 -0.91509E-2  0.32714E-1  0.13821E+0
 -0.66543E-2 -0.46742E-2 -0.37148E-2 -0.14136E+0  0.15973E-1  0.27708E-2 -0.10621E-1 -0.38250E-1
  0.41467E-2  0.85866E-3 -0.24548E-2 -0.10610E-1  0.14473E-2  0.10868E-3  0.80051E-3 -0.36938E-2
         0.0         0.0         0.0         0.0
     3674.96     3686.81     3692.61     3707.37
  0.88808E-3 -0.10766E-2  0.36244E-3  0.65022E-4
  0.17870E-3 -0.10658E-2  0.38407E-3  0.15226E-2
 -0.21661E-4  0.43282E-4 -0.27047E-4  0.10837E-4
 -0.11777E+0  0.16723E+0 -0.78848E-1 -0.40436E-1
  0.34058E-1 -0.49950E-1  0.23377E-1  0.10752E-1
 -0.19839E-2  0.30096E-2 -0.14383E-2 -0.88965E-3
  0.11933E-1  0.55890E-1 -0.31351E-1 -0.52851E-1
  0.77896E-2  0.86212E-1 -0.47925E-1 -0.74011E-1
  0.50426E-3  0.34571E-2 -0.19420E-2 -0.31138E-2
 -0.42955E-1  0.12264E-3 -0.50540E-2  0.41638E-1
  0.68965E-1 -0.52635E-2  0.10350E-1 -0.63760E-1
  0.82275E-3 -0.12927E-3  0.11268E-3 -0.78011E-3
 -0.18744E-2 -0.66291E-3 -0.20879E-3  0.19486E-2
 -0.27303E-2  0.87173E-3 -0.11732E-2  0.15270E-3
 -0.13270E-3 -0.99437E-5 -0.56339E-4  0.33196E-4
 -0.19839E-2  0.10474E-2  0.25187E-3  0.56433E-2
 -0.21199E-2 -0.12562E-2  0.21243E-2  0.21245E-3
 -0.66351E-4  0.16573E-4 -0.89480E-4 -0.20250E-3
  0.23285E-3  0.31921E-3 -0.10278E-2 -0.25467E-3
 -0.78519E-3  0.17096E-2 -0.18338E-2  0.30181E-2
  0.16245E-4  0.16231E-4 -0.43276E-4  0.59604E-4
  0.98862E-3 -0.30162E-3 -0.16405E-2 -0.39935E-2
  0.66351E-5 -0.39775E-3  0.16637E-2 -0.13378E-2
 -0.99526E-5 -0.29831E-4  0.29827E-4 -0.11951E-3
  0.10138E-1  0.43752E-3 -0.43109E-1 -0.87767E-1
  0.11227E-1 -0.18727E-2 -0.56223E-1 -0.12319E+0
  0.35166E-3  0.23202E-4 -0.20415E-2 -0.42989E-2
 -0.33839E-1  0.71926E-3  0.24667E-1  0.74678E-1
  0.54235E-1 -0.11800E-2 -0.37267E-1 -0.11719E+0
  0.65687E-3  0.13258E-4 -0.13919E-3 -0.82658E-3
 -0.25316E-1 -0.31122E-3  0.13698E+0  0.28552E+0
 -0.36670E-1  0.72139E-3  0.19892E+0  0.42026E+0
 -0.15556E-2  0.12872E-3  0.98242E-2  0.20445E-1
  0.11080E+0 -0.27405E-2 -0.73708E-1 -0.23875E+0
 -0.18039E+0  0.39518E-2  0.12726E+0  0.40388E+0
 -0.56743E-2 -0.11719E-3  0.60363E-2  0.16629E-1
  0.39683E+0 -0.55641E+0  0.26317E+0  0.12780E+0
 -0.11371E+0  0.15788E+0 -0.74375E-1 -0.34351E-1
  0.54321E-2 -0.92224E-2  0.46360E-2  0.33931E-2
 -0.30401E-1 -0.18797E+0  0.10771E+0  0.17460E+0
 -0.38963E-1 -0.27127E+0  0.15450E+0  0.24817E+0
 -0.49975E-2 -0.20815E-2  0.19746E-2  0.63378E-2
  0.14324E+0 -0.13041E-1  0.22908E-1 -0.13229E+0
 -0.22951E+0  0.17576E-1 -0.34735E-1  0.21446E+0
 -0.91797E-2  0.51582E-3  0.11775E-2  0.11822E-1
 -0.86919E-3 -0.30792E-2  0.26877E-2 -0.25196E-2
 -0.19507E-2  0.15711E-2 -0.35792E-3  0.35752E-2
  0.13270E-3 -0.99437E-5 -0.18227E-3 -0.53114E-3
 -0.76303E-3 -0.58943E-1  0.65317E-1 -0.76988E-1
  0.51853E-2 -0.83868E-1  0.90000E-1 -0.11047E+0
 -0.86256E-4  0.29930E-2 -0.33538E-2  0.24465E-2
  0.60263E-1  0.21117E-1 -0.37920E-1  0.27579E-1
 -0.98040E-1 -0.30984E-1  0.56985E-1 -0.41077E-1
  0.99526E-3  0.36129E-3 -0.44740E-3  0.44151E-3
  0.28199E-2  0.12463E-2 -0.81526E-3  0.41495E-2
  0.34137E-2 -0.27179E-3 -0.80863E-3  0.57761E-3
  0.25545E-3  0.16573E-4 -0.50374E-3 -0.13677E-2
 -0.31408E-3 -0.55726E-3  0.51931E-3 -0.45516E-3
  0.10180E-2  0.13201E-2  0.53013E-3  0.14684E-2
  0.10830E-4 -0.45987E-3  0.73028E-3  0.16906E-2
  0.50493E-2  0.33477E-3 -0.13024E-2  0.13644E-2
  0.61043E-2  0.10573E-2 -0.38443E-3  0.87638E-3
 -0.16919E-3 -0.22208E-3  0.30821E-3 -0.57761E-3
  0.10214E+0  0.21710E-1 -0.25734E-1  0.24797E-1
 -0.16301E+0 -0.41402E-1  0.31649E-1 -0.37960E-1
  0.15957E-2  0.43421E-3 -0.33141E-4 -0.26557E-4
 -0.25565E-1  0.46112E-1  0.77993E-1 -0.12498E-1
 -0.24583E-1  0.74365E-1  0.11670E+0 -0.16196E-1
  0.14498E-2 -0.29135E-2 -0.46762E-2  0.33528E-3
  0.66191E-1  0.13957E+0  0.16238E+0 -0.10324E-1
 -0.20111E-1 -0.45151E-1 -0.51332E-1  0.30009E-2
 -0.11910E-2 -0.27445E-2 -0.26115E-2 -0.23901E-3
 -0.69314E-3 -0.14175E-2 -0.14119E-2  0.32511E-4
  0.14296E-2 -0.11416E-2 -0.19366E-2 -0.43348E-4
 -0.22202E-3  0.58431E-3 -0.24343E-3  0.11325E-2
 -0.12653E-1  0.19412E+0 -0.21131E+0  0.25873E+0
 -0.18602E-1  0.28441E+0 -0.30980E+0  0.37920E+0
  0.21796E-2 -0.13774E-1  0.16073E-1 -0.19258E-1
 -0.20426E+0 -0.61299E-1  0.11815E+0 -0.81970E-1
  0.32463E+0  0.10188E+0 -0.19214E+0  0.13855E+0
  0.49033E-4  0.39767E-2 -0.27430E-2  0.87073E-2
 -0.34070E+0 -0.88765E-1  0.66647E-1 -0.80176E-1
  0.54132E+0  0.14264E+0 -0.10134E+0  0.13228E+0
 -0.13819E-1 -0.47951E-2 -0.50422E-3 -0.51344E-2
  0.54517E-1 -0.16343E+0 -0.25962E+0  0.36015E-1
  0.90636E-1 -0.22678E+0 -0.36908E+0  0.56229E-1
 -0.11104E-1  0.10435E-1  0.20200E-1 -0.48438E-2
 -0.22830E+0 -0.46257E+0 -0.53636E+0  0.29026E-1
  0.63225E-1  0.13447E+0  0.15772E+0 -0.88824E-2
  0.77251E-2  0.10229E-1  0.10908E-1  0.93221E-3
