 Initial condition =     3
 Geometry in COLUMBUS and NX input format:
 S    16.0   11.21322710   -2.18106079   -0.14887894   31.97207180
 C     6.0   13.60648830    0.00933833   -0.32644311   12.00000000
 C     6.0   12.68794030    2.42462683   -0.40021578   12.00000000
 C     6.0   10.11273230    2.45679402   -0.32946742   12.00000000
 C     6.0    8.79952108    0.18171860   -0.20698594   12.00000000
 C     6.0    6.11606867   -0.30085355   -0.20783515   12.00000000
 S    16.0    3.78101367    1.73425379   -0.10005470   31.97207180
 C     6.0    1.36746160   -0.39900750   -0.27961684   12.00000000
 C     6.0    2.41277377   -2.78686888   -0.37659378   12.00000000
 C     6.0    5.15168162   -2.63214709   -0.31295474   12.00000000
 H     1.0    1.63015942   -4.51526566   -0.44286048    1.00782504
 H     1.0    6.20387375   -4.59431815   -0.18500880    1.00782504
 H     1.0   15.10448810   -1.09354476   -0.23670932    1.00782504
 H     1.0   13.87431460    4.15409628   -0.58283287    1.00782504
 H     1.0    8.96644221    4.18608874   -0.06005801    1.00782504
 C     6.0   -1.43954842    0.41673482   -0.29261057   12.00000000
 C     6.0   -2.42462371    2.85339262   -0.35259149   12.00000000
 C     6.0   -5.21329661    2.95708021   -0.42551294   12.00000000
 C     6.0   -6.04998851    0.52087780   -0.39552062   12.00000000
 S    16.0   -3.83518068   -1.77694265   -0.31771715   31.97207180
 C     6.0   -8.92185195   -0.11704751   -0.37646445   12.00000000
 C     6.0   -9.88168995   -2.52863101    0.06491872   12.00000000
 C     6.0  -12.63006310   -2.32949428   -0.04300821   12.00000000
 C     6.0  -13.46825480   -0.02953818   -0.07654979   12.00000000
 S    16.0  -11.09085600    2.02801866   -0.26196515   31.97207180
 H     1.0   -1.24943865    4.65940966   -0.51846850    1.00782504
 H     1.0   -6.54074327    4.52719353   -0.42980737    1.00782504
 H     1.0   -9.03282217   -4.44359042    0.17969214    1.00782504
 H     1.0  -13.95192270   -3.97358802    0.30929319    1.00782504
 H     1.0  -15.54007840    0.67025863   -0.03119222    1.00782504
 Velocity in NX input format:
   -0.000081282    0.000131039    0.000181772
   -0.000143380   -0.000021548   -0.000241830
    0.000147864    0.000307508   -0.000023752
    0.000160135   -0.000170446    0.000167637
    0.000411756    0.000156305   -0.000389841
   -0.000207500    0.000163356   -0.000197157
   -0.000099220   -0.000031540   -0.000010896
    0.000344461    0.000596533    0.000341212
   -0.000019042   -0.000261601   -0.000365413
   -0.000107817   -0.000290546    0.000263959
    0.000024481   -0.001177292    0.000963310
   -0.000203223   -0.001560474   -0.000382020
   -0.000980686    0.000116103    0.000146559
   -0.002188943   -0.002271346    0.000913609
    0.000520824   -0.001318453    0.000516807
   -0.000085322    0.000020554    0.000455048
   -0.000361217    0.000015169   -0.000585480
    0.000363984   -0.000809983    0.000079828
   -0.000416832    0.000256959    0.000066408
    0.000044817    0.000109904   -0.000113634
    0.000265913    0.000047409   -0.000151532
    0.000086501   -0.000279165   -0.000052152
   -0.000190356    0.000277466   -0.000028036
    0.000706430   -0.000023955    0.000000453
   -0.000224753   -0.000044448   -0.000021666
    0.000139900   -0.002297496    0.001202334
   -0.000039371    0.002962086    0.000231418
    0.000470796   -0.001252602    0.000340072
   -0.001781301    0.002263183    0.000119099
    0.002593365   -0.001518796    0.001864654
 Epot of initial state (eV):    2.9717  Epot of final state (eV):      7.1457
 Vertical excitation (eV):      4.1740  Is Ev in the required range? YES
 Ekin of initial state (eV):    2.8046  Etot of initial state (eV):    5.7762
 Oscillator strength:           0.0247
 State:                         10


