 C     6.0        -1.38095269273259        -2.43177870695389         0.01331857149999   12.00000000
 C     6.0         1.62301201052572        -2.36564991219299         0.13041401661631   12.00000000
 C     6.0        -1.46357726389446         2.23620234216762         0.09972014172373   12.00000000
 C     6.0         1.43286766212808         2.36171897917864        -0.05794579314691   12.00000000
 C     6.0        -2.76387613964354        -0.05808861831886         0.14739494822180   12.00000000
 C     6.0         2.97885048327445         0.12511815238865         0.03496259586071   12.00000000
 C     6.0        -1.40014155347442        -7.11109755194868        -0.17844682953559   12.00000000
 C     6.0         1.48816508915196        -7.09751042502220        -0.05694621030943   12.00000000
 C     6.0        -1.47307602442715         7.15793471963454        -0.11909929966953   12.00000000
 C     6.0         1.51370684620132         7.02402976623684         0.04373604965308   12.00000000
 C     6.0        -2.81393510719686        -4.66733950559426        -0.31164388344932   12.00000000
 C     6.0         2.91102776978718        -4.67089233786926         0.00434968164184   12.00000000
 C     6.0        -2.81767302156476         4.69151411431308        -0.15344563256205   12.00000000
 C     6.0         2.84744922887584         4.69091843352431         0.10513008296569   12.00000000
 C     6.0        -2.79378054867732        -9.43661206993288         0.03431705231672   12.00000000
 C     6.0         2.87504979364302        -9.49576559110627        -0.21137927533238   12.00000000
 C     6.0        -2.74867878117088         9.43159646310031        -0.07892667629894   12.00000000
 C     6.0         2.74353951926818         9.40645349972238        -0.16970848144983   12.00000000
 C     6.0        -1.40161031711699       -11.83317439223735         0.17146557909230   12.00000000
 C     6.0         1.39069850772622       -11.91159295886864         0.13092024718207   12.00000000
 C     6.0        -1.39636102981806        11.85564202775512         0.03085951726844   12.00000000
 C     6.0         1.28118044433261        11.69383581356712         0.05703788947146   12.00000000
 H     1.0        -4.89030379041911        -0.03039946235773         0.31618639047637    1.00782504
 H     1.0         4.98783615838888         0.36894556474696         0.00697321391266    1.00782504
 H     1.0        -4.89842172664999        -4.16458595576920        -0.44446926685003    1.00782504
 H     1.0         5.02167506194542        -4.62012490141849         0.01989077308500    1.00782504
 H     1.0        -4.78433112533391         4.70963469819222        -0.33681394953026    1.00782504
 H     1.0         4.95212952074149         4.67172780011228        -0.06840800847394    1.00782504
 H     1.0        -4.95874846640572        -9.19162971033446         0.06937328697379    1.00782504
 H     1.0         4.96665037140170        -9.51834470100464        -0.02472623393209    1.00782504
 H     1.0        -4.88505898297131         9.52335978757469         0.28604369088645    1.00782504
 H     1.0         4.67478187825188         9.64398365914479         0.23837844613820    1.00782504
 H     1.0        -2.56370954541652       -13.39792324068361        -0.48313980121145    1.00782504
 H     1.0         2.27763781139953       -13.62278059428066         0.00518426029199    1.00782504
 H     1.0        -2.56766758429492        13.68285736014568         0.22854261673987    1.00782504
 H     1.0         2.21578564902533        13.89788697037073         0.47258469150980    1.00782504
