  -3.1599430343114159E-004   2.4243337583708814E-004   1.5186644929818331E-004
   1.6402368246843743E-004  -5.1298165593273085E-005  -3.6530499436002292E-004
  -8.2391057514630378E-005  -3.2711866711960142E-004  -2.2672325550610736E-004
   7.8238480212913561E-005  -2.3132722803569978E-004   1.5716072151696569E-004
  -3.3495363491579145E-005   3.5530638493364047E-004   9.4097033391733271E-005
   5.1371821506723207E-004  -3.2610333921919685E-005   4.2977297854402653E-005
   9.1253200247003836E-005   3.2804588012277084E-004   3.0378242886424978E-004
   4.8332371042252026E-004  -5.8054068599988780E-004  -2.7472158248858912E-004
  -4.3630279785622668E-004  -5.8105507568016155E-006  -2.8945899792357378E-004
  -6.5803678458722112E-005  -2.5424972417155780E-004   2.8292103041129192E-004
  -7.1866178779241409E-004  -2.3078460326739065E-004  -2.7083144929832285E-004
   1.3912795708377761E-004   2.1033540570947109E-004  -1.2188130599685061E-005
  -4.4907247616985210E-004   5.6054432792493054E-004   2.5773087908488606E-004
  -4.7372550599941325E-005   3.6410674013549136E-004   2.9236445884448187E-004
  -2.2229565793458866E-004  -1.2963267790642297E-004   1.2780812632796784E-004
  -1.8954866276049221E-005  -5.5193863887265885E-004   2.6515823842429548E-004
   1.0579031839044169E-003  -2.1649944319952248E-004  -8.4523667879558452E-005
  -1.7919190158449493E-004   8.6650663676618520E-004  -5.3629712022929357E-004
  -5.3946867861668538E-005  -5.4331196260373792E-004   2.1929687417922216E-005
  -5.5094070221478986E-005   1.5635082155079303E-004  -2.9635722140330619E-004
  -6.9501098077377180E-004   3.2226192423750582E-004   6.7922710128949287E-005
   1.8367249998783150E-004   2.4045594383686339E-004   2.9152946671842075E-004
  -4.0483330470202569E-003   6.3240718496599649E-004   2.6547362898989369E-003
  -5.2416829609713670E-004   1.0348571136328014E-003   6.1998635109566339E-004
  -7.7342743292942097E-004   9.8413971469392511E-004  -1.1429687566122881E-003
   7.9467910853161779E-004  -1.4664431682118500E-003   5.1532760694359412E-004
  -4.7709579901015781E-004  -1.2678178916795816E-003  -1.9276614558302347E-003
   1.8110811769837668E-003  -4.0542356748634342E-004  -1.3706402852692876E-003
   3.8753396914274173E-003  -9.5253963963853503E-004  -1.5332776161379365E-003
   1.4546705982280029E-003   2.3961763531436669E-003  -3.5855803323339702E-004
  -3.5257906393505920E-003   4.0774981535875241E-004   1.3298639143413244E-003
   7.6035467788477845E-004  -1.8005131877384221E-003   9.2298592677956138E-004
   4.5455745602791700E-004   4.9753748319341707E-004   1.5919080709711250E-003
  -1.0535696261646508E-003   4.7159913531297736E-004   3.3166439970145495E-006
   3.3549054161575173E-003  -1.3264903956696746E-003  -1.1590914074095511E-003
  -1.4903563010716626E-004  -2.9956271918723291E-003   3.4387867525839815E-005
