 C     6.0   -1.34416220   -2.31737116    0.00000000   12.00000000
 C     6.0    1.34416220   -2.31737116   -0.00000000   12.00000000
 C     6.0   -1.34416220    2.31737116    0.00000000   12.00000000
 C     6.0    1.34416220    2.31737116   -0.00000000   12.00000000
 C     6.0   -2.65903364    0.00000000    0.00000000   12.00000000
 C     6.0    2.65903364   -0.00000000    0.00000000   12.00000000
 C     6.0   -1.34605192   -6.95211347   -0.00000000   12.00000000
 C     6.0    1.34605192   -6.95211347   -0.00000000   12.00000000
 C     6.0   -1.34605192    6.95211347   -0.00000000   12.00000000
 C     6.0    1.34605192    6.95211347    0.00000000   12.00000000
 C     6.0   -2.66092337   -4.63398642    0.00000000   12.00000000
 C     6.0    2.66092337   -4.63398642    0.00000000   12.00000000
 C     6.0   -2.66092337    4.63398642   -0.00000000   12.00000000
 C     6.0    2.66092337    4.63398642    0.00000000   12.00000000
 C     6.0   -2.66092337   -9.27364202   -0.00000000   12.00000000
 C     6.0    2.66092337   -9.27364202   -0.00000000   12.00000000
 C     6.0   -2.66092337    9.27364202   -0.00000000   12.00000000
 C     6.0    2.66092337    9.27364202   -0.00000000   12.00000000
 C     6.0   -1.32715466  -11.57211592    0.00000000   12.00000000
 C     6.0    1.32715466  -11.57211592    0.00000000   12.00000000
 C     6.0   -1.32715466   11.57211592    0.00000000   12.00000000
 C     6.0    1.32715466   11.57211592   -0.00000000   12.00000000
 H     1.0   -4.59675882   -0.00000000   -0.00000000    1.00782504
 H     1.0    4.59675882    0.00000000    0.00000000    1.00782504
 H     1.0   -4.59827060   -4.63266361   -0.00000000    1.00782504
 H     1.0    4.59827060   -4.63266361    0.00000000    1.00782504
 H     1.0   -4.59827060    4.63266361    0.00000000    1.00782504
 H     1.0    4.59827060    4.63266361   -0.00000000    1.00782504
 H     1.0   -4.59468012   -9.32239696    0.00000000    1.00782504
 H     1.0    4.59468012   -9.32239696    0.00000000    1.00782504
 H     1.0   -4.59468012    9.32239696   -0.00000000    1.00782504
 H     1.0    4.59468012    9.32239696   -0.00000000    1.00782504
 H     1.0   -2.29393855  -13.24376766   -0.00000000    1.00782504
 H     1.0    2.29393855  -13.24376766    0.00000000    1.00782504
 H     1.0   -2.29393855   13.24376766   -0.00000000    1.00782504
 H     1.0    2.29393855   13.24376766    0.00000000    1.00782504
