 C     6.0        -1.34047095375380        -2.40389209921125        -0.11954667309870   12.00000000
 C     6.0         1.62332304601650        -2.38228020823939        -0.23194085349089   12.00000000
 C     6.0        -1.39480574930179         2.30764783150546         0.03231377804428   12.00000000
 C     6.0         1.53561836259990         2.35515031770834        -0.05162525519653   12.00000000
 C     6.0        -2.74772178449571         0.03685150886951         0.08077991533912   12.00000000
 C     6.0         2.82214366967522        -0.02710243071974         0.05156224539376   12.00000000
 C     6.0        -1.37769239898206        -7.07912712071992        -0.09932346063468   12.00000000
 C     6.0         1.48184291462836        -7.13710881934508         0.04793513110204   12.00000000
 C     6.0        -1.28654897004378         7.00176186101321        -0.09253509621250   12.00000000
 C     6.0         1.56807067418557         6.97507630870478         0.00347510826156   12.00000000
 C     6.0        -2.57827829768353        -4.66702479704824        -0.02699201531949   12.00000000
 C     6.0         2.84137263279887        -4.84193266722498        -0.20748956273579   12.00000000
 C     6.0        -2.79949150856214         4.52511412949854         0.06076890141914   12.00000000
 C     6.0         2.94552612364870         4.52469009313844        -0.08479733324030   12.00000000
 C     6.0        -2.82637816951851        -9.51303237835274        -0.13194910389852   12.00000000
 C     6.0         2.79543461037907        -9.63300138186418        -0.00100002619061   12.00000000
 C     6.0        -2.77504215394154         9.37371249492294        -0.07512569720352   12.00000000
 C     6.0         2.73212509407913         9.59899278633445        -0.01777479879639   12.00000000
 C     6.0        -1.41461516737484       -11.83996873497185         0.18608988796764   12.00000000
 C     6.0         1.48534780695324       -11.81493185059409        -0.02655385173351   12.00000000
 C     6.0        -1.35756737942026        11.75613324264213        -0.02371733651786   12.00000000
 C     6.0         1.40437648104051        11.85613961322713        -0.10174460385347   12.00000000
 H     1.0        -4.59041737418947        -0.34056934236015        -0.50463915373018    1.00782504
 H     1.0         5.16057473585469         0.29906548150445        -0.10290995362615    1.00782504
 H     1.0        -4.83734411627909        -4.67065952778590        -0.20060558507126    1.00782504
 H     1.0         4.69530767219058        -4.93652360926340         0.00875114329721    1.00782504
 H     1.0        -4.76537970429678         4.38500967829811         0.06912902520168    1.00782504
 H     1.0         4.89596960820342         4.80399849971734        -0.40617323574464    1.00782504
 H     1.0        -5.12733590331029        -9.23829380167907        -0.36859447014326    1.00782504
 H     1.0         4.62561953122966        -9.44722456269784        -0.10940268827553    1.00782504
 H     1.0        -4.67310798672530         9.45478091720282         0.42861267789230    1.00782504
 H     1.0         4.66908183338673         9.32764112234981         0.01102237125070    1.00782504
 H     1.0        -2.36430437332358       -13.91966771944989         0.24040766665844    1.00782504
 H     1.0         2.35750064571184       -13.53840698928258        -0.13239608604128    1.00782504
 H     1.0        -2.35165068126872        13.51457546336794         0.26149725916558    1.00782504
 H     1.0         2.54363281986142        13.53201905877633         0.03562549880089    1.00782504
