  -1.6494079380068938E-004  -8.3728122228472648E-004   2.9064625768351801E-004
  -6.4933295962583504E-004   2.1501970366429306E-004  -3.4655923234645487E-004
   1.4887071630940584E-004  -4.5142691701067258E-004   4.9740918484006009E-005
  -3.6373287660397904E-004  -4.0532296581783061E-004  -7.6855820528512304E-005
  -3.7404145080738234E-004   2.6925711791585412E-004  -2.2613161549262382E-004
   4.2785444158751685E-004   3.3356566238577494E-004   7.7116436346284163E-005
   1.4198398115289982E-004  -4.6469557010685377E-005   1.0588271968372120E-004
   5.1070773137784652E-004   6.2686123575710203E-004   1.7926219251374645E-005
  -7.0093849161943322E-004  -7.8245243846814362E-004   2.4723430058876388E-004
   3.0179976096992477E-004   1.0515110673473837E-004  -5.2347959117311585E-005
  -5.9059988033813326E-004   6.8779130381336399E-004  -1.0839526988695715E-004
   3.3241337591153702E-004  -5.7763687455322787E-004  -4.5913010401812639E-004
   7.2837534881520729E-005   1.4991156284752534E-005  -9.7210523084084185E-005
   1.0229805346108913E-004  -1.1584787194874941E-005  -4.6107959771532118E-005
  -1.2334533509226984E-004  -4.5186919222511986E-004  -2.7071032456306974E-004
   1.1090182116802187E-004  -8.9655522826815551E-004   3.2516406846382998E-005
   1.9063525566345995E-004   1.2418464347719212E-003  -3.7940154718067025E-005
   2.0773106948760486E-004   1.1548209834025389E-003   1.0613892499349509E-004
   3.1675613587013487E-004   3.6725877441117367E-004   1.0146428702810224E-004
   3.5978401977547556E-004  -6.4399612591126544E-004  -1.2778207631393114E-005
   6.4765362813059727E-005   2.2806426210432955E-004  -8.8153586231097081E-005
   1.3998317108851870E-004   7.2554743043896618E-005   7.7838741544518264E-005
   2.1733192841029191E-003  -1.9710289049178694E-004   1.5219815977081225E-003
   2.5314111590867207E-003   3.0791695032744151E-006  -3.9266794458033325E-004
   6.8486153115792704E-004  -4.1671339792997600E-004   1.4597433955915965E-003
   1.4980207856875793E-004  -1.3726405421767690E-003   1.0173628497047503E-003
  -5.4508228235015076E-004  -1.1434745641197212E-003   1.1468280081094614E-003
  -8.7461674343483446E-004   1.8177890871549376E-003   1.1226196839477299E-003
  -1.8923087118179779E-003  -7.9769930907788722E-004   1.4045255652898106E-003
  -2.4240376384793744E-003   2.7449336338075935E-004   6.9116539416271656E-004
  -9.2198252809844086E-004  -1.0051902317266416E-003  -4.0100129768604292E-004
  -1.3439624778176229E-003  -9.0003365605265443E-004  -2.6273210762331153E-004
  -6.4849616046994325E-004  -3.8617573240275286E-004  -3.9390861216833669E-004
  -2.3915929451260106E-003  -9.6138789774369618E-004  -7.0483700819106321E-004
   1.7351493973934097E-004  -1.4145185484672144E-003  -1.0283886847622817E-003
  -9.5541610011666729E-004  -6.9690246402779698E-004  -6.9378546482277959E-004
