      DE/eV    lambda/nm    sigma/A^2        +/-error/A^2
      2.5520   4.8583E+02       0.03901046       0.00287884
      2.5570   4.8488E+02       0.03972415       0.00299668
      2.5620   4.8394E+02       0.04046972       0.00312573
      2.5670   4.8299E+02       0.04124998       0.00326735
      2.5720   4.8205E+02       0.04206812       0.00342342
      2.5770   4.8112E+02       0.04292781       0.00359620
      2.5820   4.8019E+02       0.04383332       0.00378839
      2.5870   4.7926E+02       0.04478960       0.00400327
      2.5920   4.7833E+02       0.04580247       0.00424483
      2.5970   4.7741E+02       0.04687881       0.00451794
      2.6020   4.7650E+02       0.04802685       0.00482863
      2.6070   4.7558E+02       0.04925647       0.00518437
      2.6120   4.7467E+02       0.05057967       0.00559450
      2.6170   4.7376E+02       0.05201117       0.00607083
      2.6220   4.7286E+02       0.05356920       0.00662835
      2.6270   4.7196E+02       0.05527657       0.00728629
      2.6320   4.7106E+02       0.05716212       0.00806952
      2.6370   4.7017E+02       0.05926273       0.00901047
      2.6420   4.6928E+02       0.06162596       0.01015175
      2.6470   4.6840E+02       0.06431372       0.01154968
      2.6520   4.6751E+02       0.06740700       0.01327901
      2.6570   4.6663E+02       0.07101183       0.01543869
      2.6620   4.6576E+02       0.07526567       0.01815820
      2.6670   4.6488E+02       0.08034168       0.02160163
      2.6720   4.6401E+02       0.08644334       0.02596220
      2.6770   4.6315E+02       0.09377109       0.03142863
      2.6820   4.6228E+02       0.10242363       0.03808631
      2.6870   4.6142E+02       0.11218171       0.04570073
      2.6920   4.6057E+02       0.12217567       0.05338481
      2.6970   4.5971E+02       0.13069362       0.05940747
      2.7020   4.5886E+02       0.13572964       0.06174379
      2.7070   4.5801E+02       0.13638508       0.05948062
      2.7120   4.5717E+02       0.13371440       0.05366803
      2.7170   4.5633E+02       0.12986042       0.04646042
      2.7220   4.5549E+02       0.12666193       0.03973033
      2.7270   4.5465E+02       0.12513078       0.03454738
      2.7320   4.5382E+02       0.12566655       0.03137393
      2.7370   4.5299E+02       0.12840541       0.03035967
      2.7420   4.5217E+02       0.13344826       0.03150503
      2.7470   4.5134E+02       0.14096201       0.03475314
      2.7520   4.5052E+02       0.15118675       0.04006219
      2.7570   4.4971E+02       0.16433992       0.04739971
      2.7620   4.4889E+02       0.18035420       0.05657759
      2.7670   4.4808E+02       0.19838354       0.06689928
      2.7720   4.4727E+02       0.21622928       0.07676033
      2.7770   4.4647E+02       0.23039218       0.08370226
      2.7820   4.4567E+02       0.23763097       0.08546925
      2.7870   4.4487E+02       0.23732831       0.08157886
      2.7920   4.4407E+02       0.23213569       0.07384426
      2.7970   4.4328E+02       0.22606856       0.06524060
      2.8020   4.4248E+02       0.22230642       0.05840518
      2.8070   4.4170E+02       0.22245906       0.05494208
      2.8120   4.4091E+02       0.22682948       0.05525372
      2.8170   4.4013E+02       0.23471157       0.05844604
      2.8220   4.3935E+02       0.24452436       0.06250094
      2.8270   4.3857E+02       0.25431530       0.06505214
      2.8320   4.3780E+02       0.26302953       0.06481061
      2.8370   4.3703E+02       0.27156416       0.06262010
      2.8420   4.3626E+02       0.28227526       0.06084605
      2.8470   4.3549E+02       0.29763736       0.06177083
      2.8520   4.3473E+02       0.31949450       0.06657461
      2.8570   4.3397E+02       0.34894952       0.07530677
      2.8620   4.3321E+02       0.38623547       0.08723741
      2.8670   4.3245E+02       0.43033468       0.10105601
      2.8720   4.3170E+02       0.47877673       0.11515696
      2.8770   4.3095E+02       0.52812786       0.12829119
      2.8820   4.3020E+02       0.57462060       0.13983808
      2.8870   4.2946E+02       0.61398281       0.14906964
      2.8920   4.2871E+02       0.64136330       0.15446652
      2.8970   4.2797E+02       0.65317827       0.15445523
      2.9020   4.2724E+02       0.64997087       0.14896898
      2.9070   4.2650E+02       0.63690590       0.13990006
      2.9120   4.2577E+02       0.62116591       0.13013926
      2.9170   4.2504E+02       0.60876101       0.12233183
      2.9220   4.2431E+02       0.60257442       0.11766390
      2.9270   4.2359E+02       0.60249018       0.11536629
      2.9320   4.2287E+02       0.60784485       0.11444893
      2.9370   4.2215E+02       0.61960241       0.11572887
      2.9420   4.2143E+02       0.63912564       0.12076535
      2.9470   4.2071E+02       0.66489664       0.12905665
      2.9520   4.2000E+02       0.69116471       0.13741469
      2.9570   4.1929E+02       0.71060962       0.14218770
      2.9620   4.1858E+02       0.71909543       0.14176515
      2.9670   4.1788E+02       0.71770900       0.13677965
      2.9720   4.1717E+02       0.71111517       0.12875525
      2.9770   4.1647E+02       0.70558593       0.11990320
      2.9820   4.1578E+02       0.70718249       0.11310627
      2.9870   4.1508E+02       0.71969580       0.11042992
      2.9920   4.1439E+02       0.74413827       0.11198631
      2.9970   4.1369E+02       0.78023355       0.11678827
      3.0020   4.1301E+02       0.82812551       0.12428917
      3.0070   4.1232E+02       0.88854300       0.13476235
      3.0120   4.1163E+02       0.96099707       0.14809776
      3.0170   4.1095E+02       1.04172819       0.16266867
      3.0220   4.1027E+02       1.12415917       0.17613368
      3.0270   4.0959E+02       1.20167107       0.18689009
      3.0320   4.0892E+02       1.26997429       0.19446915
      3.0370   4.0825E+02       1.32774877       0.19929743
      3.0420   4.0757E+02       1.37555978       0.20199394
      3.0470   4.0691E+02       1.41468541       0.20277208
      3.0520   4.0624E+02       1.44769045       0.20207245
      3.0570   4.0557E+02       1.47866243       0.20117461
      3.0620   4.0491E+02       1.51081428       0.20110792
      3.0670   4.0425E+02       1.54463515       0.20147170
      3.0720   4.0359E+02       1.58040065       0.20153598
      3.0770   4.0294E+02       1.62204350       0.20224404
      3.0820   4.0228E+02       1.67619358       0.20590418
      3.0870   4.0163E+02       1.74667873       0.21372384
      3.0920   4.0098E+02       1.83077321       0.22455037
      3.0970   4.0034E+02       1.92025939       0.23597759
      3.1020   3.9969E+02       2.00482360       0.24559613
      3.1070   3.9905E+02       2.07592806       0.25157386
      3.1120   3.9841E+02       2.13123624       0.25373770
      3.1170   3.9777E+02       2.17554065       0.25373063
      3.1220   3.9713E+02       2.21652217       0.25334852
      3.1270   3.9650E+02       2.26161366       0.25398125
      3.1320   3.9586E+02       2.31684517       0.25715946
      3.1370   3.9523E+02       2.38313480       0.26338908
      3.1420   3.9460E+02       2.45349146       0.27090535
      3.1470   3.9398E+02       2.51704332       0.27723066
      3.1520   3.9335E+02       2.56552138       0.28119250
      3.1570   3.9273E+02       2.59526369       0.28281201
      3.1620   3.9211E+02       2.60579296       0.28243073
      3.1670   3.9149E+02       2.59817314       0.28024180
      3.1720   3.9087E+02       2.57439289       0.27622873
      3.1770   3.9026E+02       2.53781353       0.27031950
      3.1820   3.8964E+02       2.49453733       0.26306774
      3.1870   3.8903E+02       2.45317827       0.25623491
      3.1920   3.8842E+02       2.42031740       0.25157155
      3.1970   3.8781E+02       2.39601317       0.24886741
      3.2020   3.8721E+02       2.37594638       0.24621097
      3.2070   3.8660E+02       2.35894561       0.24261187
      3.2120   3.8600E+02       2.35090878       0.23960377
      3.2170   3.8540E+02       2.36015352       0.23988341
      3.2220   3.8481E+02       2.38901241       0.24456479
      3.2270   3.8421E+02       2.42925069       0.25155736
      3.2320   3.8361E+02       2.46630513       0.25696430
      3.2370   3.8302E+02       2.49006740       0.25837581
      3.2420   3.8243E+02       2.50187592       0.25652009
      3.2470   3.8184E+02       2.51144401       0.25401666
      3.2520   3.8126E+02       2.52908383       0.25324204
      3.2570   3.8067E+02       2.56072626       0.25530632
      3.2620   3.8009E+02       2.60696850       0.26024713
      3.2670   3.7950E+02       2.66314889       0.26718233
      3.2720   3.7892E+02       2.71971068       0.27414547
      3.2770   3.7835E+02       2.76540582       0.27859533
      3.2820   3.7777E+02       2.79431613       0.27912472
      3.2870   3.7720E+02       2.81139140       0.27703673
      3.2920   3.7662E+02       2.82894589       0.27549877
      3.2970   3.7605E+02       2.85654501       0.27679802
      3.3020   3.7548E+02       2.89452260       0.28082850
      3.3070   3.7491E+02       2.93500489       0.28574205
      3.3120   3.7435E+02       2.96744495       0.28949951
      3.3170   3.7378E+02       2.98422696       0.29106955
      3.3220   3.7322E+02       2.98237833       0.29022284
      3.3270   3.7266E+02       2.96312186       0.28695452
      3.3320   3.7210E+02       2.93267416       0.28208283
      3.3370   3.7154E+02       2.90082032       0.27743995
      3.3420   3.7099E+02       2.87573823       0.27467106
      3.3470   3.7043E+02       2.86010108       0.27428914
      3.3520   3.6988E+02       2.85060410       0.27553548
      3.3570   3.6933E+02       2.83981690       0.27671794
      3.3620   3.6878E+02       2.81999973       0.27608735
      3.3670   3.6823E+02       2.78772140       0.27280898
      3.3720   3.6769E+02       2.74676579       0.26754555
      3.3770   3.6714E+02       2.70693582       0.26237376
      3.3820   3.6660E+02       2.67853147       0.25968399
      3.3870   3.6606E+02       2.66603815       0.26054294
      3.3920   3.6552E+02       2.66577901       0.26407934
      3.3970   3.6498E+02       2.66822202       0.26817907
      3.4020   3.6444E+02       2.66284982       0.27073551
      3.4070   3.6391E+02       2.64281810       0.27076778
      3.4120   3.6338E+02       2.60584420       0.26819984
      3.4170   3.6285E+02       2.55298372       0.26318938
      3.4220   3.6231E+02       2.48859818       0.25631907
      3.4270   3.6179E+02       2.41993928       0.24885582
      3.4320   3.6126E+02       2.35443543       0.24222959
      3.4370   3.6073E+02       2.29646173       0.23723731
      3.4420   3.6021E+02       2.24619409       0.23382310
      3.4470   3.5969E+02       2.20050382       0.23121691
      3.4520   3.5917E+02       2.15536992       0.22835681
      3.4570   3.5865E+02       2.10913893       0.22488115
      3.4620   3.5813E+02       2.06335231       0.22144283
      3.4670   3.5761E+02       2.02042847       0.21883542
      3.4720   3.5710E+02       1.98203200       0.21767241
      3.4770   3.5658E+02       1.94791990       0.21840634
      3.4820   3.5607E+02       1.91286522       0.22009562
      3.4870   3.5556E+02       1.86628868       0.21992303
      3.4920   3.5505E+02       1.79862855       0.21506659
      3.4970   3.5454E+02       1.70923700       0.20486544
      3.5020   3.5404E+02       1.60803362       0.19134412
      3.5070   3.5353E+02       1.50967916       0.17813809
      3.5120   3.5303E+02       1.42530875       0.16837145
      3.5170   3.5253E+02       1.35786824       0.16262717
      3.5220   3.5203E+02       1.30373407       0.15901601
      3.5270   3.5153E+02       1.25846775       0.15562614
      3.5320   3.5103E+02       1.22111723       0.15257436
      3.5370   3.5053E+02       1.19311804       0.15117937
      3.5420   3.5004E+02       1.17474825       0.15189664
      3.5470   3.4955E+02       1.16390630       0.15395426
      3.5520   3.4905E+02       1.15710690       0.15630027
      3.5570   3.4856E+02       1.15050514       0.15808808
      3.5620   3.4807E+02       1.14066090       0.15867365
      3.5670   3.4759E+02       1.12568371       0.15785299
      3.5720   3.4710E+02       1.10599860       0.15611890
      3.5770   3.4662E+02       1.08328478       0.15417019
      3.5820   3.4613E+02       1.05839005       0.15176664
      3.5870   3.4565E+02       1.03175638       0.14805451
      3.5920   3.4517E+02       1.00612287       0.14358286
      3.5970   3.4469E+02       0.98634623       0.14072443
      3.6020   3.4421E+02       0.97525839       0.14142829
      3.6070   3.4373E+02       0.96994199       0.14490062
      3.6120   3.4326E+02       0.96232933       0.14797189
      3.6170   3.4278E+02       0.94420705       0.14757982
      3.6220   3.4231E+02       0.91274688       0.14281422
      3.6270   3.4184E+02       0.87179739       0.13513192
      3.6320   3.4137E+02       0.82830392       0.12700435
      3.6370   3.4090E+02       0.78782871       0.12038928
      3.6420   3.4043E+02       0.75240433       0.11594559
      3.6470   3.3996E+02       0.72089430       0.11302554
      3.6520   3.3950E+02       0.69070384       0.11025838
      3.6570   3.3903E+02       0.65971680       0.10634226
      3.6620   3.3857E+02       0.62777965       0.10086585
      3.6670   3.3811E+02       0.59687604       0.09464185
      3.6720   3.3765E+02       0.56989787       0.08920592
      3.6770   3.3719E+02       0.54923404       0.08613435
      3.6820   3.3673E+02       0.53561093       0.08615428
      3.6870   3.3627E+02       0.52742214       0.08839960
      3.6920   3.3582E+02       0.52138241       0.09102213
      3.6970   3.3536E+02       0.51437698       0.09258413
      3.7020   3.3491E+02       0.50500529       0.09277120
      3.7070   3.3446E+02       0.49350171       0.09201724
      3.7120   3.3401E+02       0.48051073       0.09056059
      3.7170   3.3356E+02       0.46652634       0.08811439
      3.7220   3.3311E+02       0.45264417       0.08470132
      3.7270   3.3266E+02       0.44111183       0.08159368
      3.7320   3.3222E+02       0.43409153       0.08065842
      3.7370   3.3177E+02       0.43170525       0.08252734
      3.7420   3.3133E+02       0.43150631       0.08589461
      3.7470   3.3089E+02       0.42976958       0.08865241
      3.7520   3.3045E+02       0.42345057       0.08930752
      3.7570   3.3001E+02       0.41141192       0.08747328
      3.7620   3.2957E+02       0.39435720       0.08345746
      3.7670   3.2913E+02       0.37431116       0.07797815
      3.7720   3.2870E+02       0.35403196       0.07241455
      3.7770   3.2826E+02       0.33564509       0.06823799
      3.7820   3.2783E+02       0.31931590       0.06564241
      3.7870   3.2739E+02       0.30348762       0.06325949
      3.7920   3.2696E+02       0.28654519       0.05950381
      3.7970   3.2653E+02       0.26828877       0.05394482
      3.8020   3.2610E+02       0.24992736       0.04741977
      3.8070   3.2567E+02       0.23305782       0.04120207
      3.8120   3.2525E+02       0.21891728       0.03629842
      3.8170   3.2482E+02       0.20823617       0.03332153
      3.8220   3.2440E+02       0.20129271       0.03259638
      3.8270   3.2397E+02       0.19799141       0.03419827
      3.8320   3.2355E+02       0.19794426       0.03792683
      3.8370   3.2313E+02       0.20039231       0.04322831
      3.8420   3.2271E+02       0.20388106       0.04904635
      3.8470   3.2229E+02       0.20609036       0.05381571
      3.8520   3.2187E+02       0.20448469       0.05592548
      3.8570   3.2145E+02       0.19770908       0.05450711
      3.8620   3.2104E+02       0.18649900       0.04992374
      3.8670   3.2062E+02       0.17312198       0.04353148
      3.8720   3.2021E+02       0.15994537       0.03686309
      3.8770   3.1979E+02       0.14843492       0.03096008
      3.8820   3.1938E+02       0.13899521       0.02625320
      3.8870   3.1897E+02       0.13127918       0.02272684
      3.8920   3.1856E+02       0.12464389       0.02010774
      3.8970   3.1815E+02       0.11858400       0.01808011
      3.9020   3.1775E+02       0.11296208       0.01650418
      3.9070   3.1734E+02       0.10794323       0.01546989
      3.9120   3.1693E+02       0.10378792       0.01517205
      3.9170   3.1653E+02       0.10070185       0.01577739
      3.9220   3.1612E+02       0.09876585       0.01735679
      3.9270   3.1572E+02       0.09791117       0.01985014
      3.9320   3.1532E+02       0.09790049       0.02300182
      3.9370   3.1492E+02       0.09824010       0.02623557
      3.9420   3.1452E+02       0.09810812       0.02861347
      3.9470   3.1412E+02       0.09664263       0.02918452
      3.9520   3.1373E+02       0.09359636       0.02766118
      3.9570   3.1333E+02       0.08959412       0.02466881
      3.9620   3.1293E+02       0.08560132       0.02121942
      3.9670   3.1254E+02       0.08229490       0.01810358
      3.9720   3.1215E+02       0.07988196       0.01571193
      3.9770   3.1175E+02       0.07821960       0.01411312
      3.9820   3.1136E+02       0.07698913       0.01316291
      3.9870   3.1097E+02       0.07589078       0.01266210
      3.9920   3.1058E+02       0.07484894       0.01255329
      3.9970   3.1019E+02       0.07406516       0.01296421
      4.0020   3.0981E+02       0.07387055       0.01407300
      4.0070   3.0942E+02       0.07456600       0.01600105
      4.0120   3.0903E+02       0.07636027       0.01881039
      4.0170   3.0865E+02       0.07932679       0.02250200
      4.0220   3.0827E+02       0.08328345       0.02692464
      4.0270   3.0788E+02       0.08760260       0.03158707
      4.0320   3.0750E+02       0.09111603       0.03549980
      4.0370   3.0712E+02       0.09243269       0.03738568
      4.0420   3.0674E+02       0.09076322       0.03645913
      4.0470   3.0636E+02       0.08653309       0.03309397
      4.0520   3.0598E+02       0.08097232       0.02848558
      4.0570   3.0561E+02       0.07523111       0.02376988
      4.0620   3.0523E+02       0.06998883       0.01957856
      4.0670   3.0485E+02       0.06553766       0.01611327
      4.0720   3.0448E+02       0.06193087       0.01335357
      4.0770   3.0411E+02       0.05907939       0.01119810
      4.0820   3.0373E+02       0.05683753       0.00953178
      4.0870   3.0336E+02       0.05507266       0.00825288
      4.0920   3.0299E+02       0.05368853       0.00727967
      4.0970   3.0262E+02       0.05261897       0.00655158
      4.1020   3.0225E+02       0.05182294       0.00603268
      4.1070   3.0189E+02       0.05126246       0.00570006
      4.1120   3.0152E+02       0.05086015       0.00551762
      4.1170   3.0115E+02       0.05048862       0.00542939
      4.1220   3.0079E+02       0.05001225       0.00537132
      4.1270   3.0042E+02       0.04933715       0.00527617
      4.1320   3.0006E+02       0.04844350       0.00509193
      4.1370   2.9970E+02       0.04739873       0.00481715
      4.1420   2.9933E+02       0.04633681       0.00450186
      4.1470   2.9897E+02       0.04542231       0.00422426
      4.1520   2.9861E+02       0.04481582       0.00407510
      4.1570   2.9825E+02       0.04463094       0.00412735
      4.1620   2.9790E+02       0.04489868       0.00439636
      4.1670   2.9754E+02       0.04554913       0.00482075
      4.1720   2.9718E+02       0.04641384       0.00527665
      4.1770   2.9683E+02       0.04728374       0.00563698
      4.1820   2.9647E+02       0.04801742       0.00585499
      4.1870   2.9612E+02       0.04858212       0.00596992
      4.1920   2.9576E+02       0.04898105       0.00601179
      4.1970   2.9541E+02       0.04920422       0.00595720
      4.2020   2.9506E+02       0.04926568       0.00578201
      4.2070   2.9471E+02       0.04925462       0.00551952
      4.2120   2.9436E+02       0.04934139       0.00527981
      4.2170   2.9401E+02       0.04971622       0.00520831
      4.2220   2.9366E+02       0.05050080       0.00540303
      4.2270   2.9331E+02       0.05169744       0.00585467
      4.2320   2.9297E+02       0.05318853       0.00644440
      4.2370   2.9262E+02       0.05478829       0.00699132
      4.2420   2.9228E+02       0.05636359       0.00735468
      4.2470   2.9193E+02       0.05794849       0.00755347
      4.2520   2.9159E+02       0.05969108       0.00775254
      4.2570   2.9125E+02       0.06164427       0.00807414
      4.2620   2.9091E+02       0.06365504       0.00847412
      4.2670   2.9057E+02       0.06549395       0.00883278
      4.2720   2.9023E+02       0.06704113       0.00907361
      4.2770   2.8989E+02       0.06830733       0.00916181
      4.2820   2.8955E+02       0.06935546       0.00908669
      4.2870   2.8921E+02       0.07027421       0.00887681
      4.2920   2.8887E+02       0.07121284       0.00861217
      4.2970   2.8854E+02       0.07239325       0.00843845
      4.3020   2.8820E+02       0.07402479       0.00851525
      4.3070   2.8787E+02       0.07617813       0.00889906
      4.3120   2.8753E+02       0.07872965       0.00948368
      4.3170   2.8720E+02       0.08141632       0.01005624
      4.3220   2.8687E+02       0.08397283       0.01043110
      4.3270   2.8654E+02       0.08628603       0.01058549
      4.3320   2.8621E+02       0.08843527       0.01066585
      4.3370   2.8588E+02       0.09055442       0.01084268
      4.3420   2.8555E+02       0.09263916       0.01115059
      4.3470   2.8522E+02       0.09447843       0.01145720
      4.3520   2.8489E+02       0.09580653       0.01160920
      4.3570   2.8456E+02       0.09654598       0.01159411
      4.3620   2.8424E+02       0.09686293       0.01150795
      4.3670   2.8391E+02       0.09699708       0.01138743
      4.3720   2.8359E+02       0.09708787       0.01114860
      4.3770   2.8326E+02       0.09717338       0.01072231
      4.3820   2.8294E+02       0.09730132       0.01017484
      4.3870   2.8262E+02       0.09761720       0.00965685
      4.3920   2.8230E+02       0.09843060       0.00932879
      4.3970   2.8197E+02       0.10021790       0.00935598
      4.4020   2.8165E+02       0.10348330       0.00987690
      4.4070   2.8133E+02       0.10855688       0.01092914
      4.4120   2.8102E+02       0.11543885       0.01241827
      4.4170   2.8070E+02       0.12373344       0.01414995
      4.4220   2.8038E+02       0.13272999       0.01589596
      4.4270   2.8006E+02       0.14162602       0.01744945
      4.4320   2.7975E+02       0.14976750       0.01865813
      4.4370   2.7943E+02       0.15678602       0.01947916
      4.4420   2.7912E+02       0.16252502       0.01994507
      4.4470   2.7880E+02       0.16687011       0.02002051
      4.4520   2.7849E+02       0.16985815       0.01964069
      4.4570   2.7818E+02       0.17197607       0.01891792
      4.4620   2.7787E+02       0.17412032       0.01819782
      4.4670   2.7756E+02       0.17715459       0.01787817
      4.4720   2.7725E+02       0.18153530       0.01818156
      4.4770   2.7694E+02       0.18727634       0.01908070
      4.4820   2.7663E+02       0.19413044       0.02039823
      4.4870   2.7632E+02       0.20183330       0.02197731
      4.4920   2.7601E+02       0.21023227       0.02375725
      4.4970   2.7570E+02       0.21906887       0.02563402
      4.5020   2.7540E+02       0.22762558       0.02728721
      4.5070   2.7509E+02       0.23488059       0.02829406
      4.5120   2.7479E+02       0.24028162       0.02849571
      4.5170   2.7448E+02       0.24429052       0.02823151
      4.5220   2.7418E+02       0.24790849       0.02806903
      4.5270   2.7388E+02       0.25168384       0.02826493
      4.5320   2.7357E+02       0.25530541       0.02858066
      4.5370   2.7327E+02       0.25805689       0.02855208
      4.5420   2.7297E+02       0.25964967       0.02790810
      4.5470   2.7267E+02       0.26070239       0.02685932
      4.5520   2.7237E+02       0.26226878       0.02595808
      4.5570   2.7207E+02       0.26489567       0.02563661
      4.5620   2.7178E+02       0.26832390       0.02594227
      4.5670   2.7148E+02       0.27193649       0.02664627
      4.5720   2.7118E+02       0.27521330       0.02743461
      4.5770   2.7089E+02       0.27783792       0.02799259
      4.5820   2.7059E+02       0.27968281       0.02805229
      4.5870   2.7029E+02       0.28089979       0.02749461
      4.5920   2.7000E+02       0.28210191       0.02649866
      4.5970   2.6971E+02       0.28437734       0.02556319
      4.6020   2.6941E+02       0.28888085       0.02524664
      4.6070   2.6912E+02       0.29622646       0.02579876
      4.6120   2.6883E+02       0.30619583       0.02704412
      4.6170   2.6854E+02       0.31793924       0.02861185
      4.6220   2.6825E+02       0.33039810       0.03022012
      4.6270   2.6796E+02       0.34257154       0.03175212
      4.6320   2.6767E+02       0.35356364       0.03313862
      4.6370   2.6738E+02       0.36270562       0.03422782
      4.6420   2.6709E+02       0.36996303       0.03488406
      4.6470   2.6680E+02       0.37624267       0.03525626
      4.6520   2.6652E+02       0.38297332       0.03576725
      4.6570   2.6623E+02       0.39113885       0.03672638
      4.6620   2.6595E+02       0.40068088       0.03807529
      4.6670   2.6566E+02       0.41064614       0.03948049
      4.6720   2.6538E+02       0.41965978       0.04049943
      4.6770   2.6509E+02       0.42660112       0.04084895
      4.6820   2.6481E+02       0.43126178       0.04067459
      4.6870   2.6453E+02       0.43423209       0.04035719
      4.6920   2.6425E+02       0.43636572       0.04017619
      4.6970   2.6396E+02       0.43851659       0.04026526
      4.7020   2.6368E+02       0.44128125       0.04059621
      4.7070   2.6340E+02       0.44476398       0.04094156
      4.7120   2.6312E+02       0.44884403       0.04110318
      4.7170   2.6285E+02       0.45358587       0.04116802
      4.7220   2.6257E+02       0.45910789       0.04133262
      4.7270   2.6229E+02       0.46536877       0.04165780
      4.7320   2.6201E+02       0.47240141       0.04221357
      4.7370   2.6174E+02       0.48020157       0.04313309
      4.7420   2.6146E+02       0.48799867       0.04427832
      4.7470   2.6118E+02       0.49434958       0.04521040
      4.7520   2.6091E+02       0.49838293       0.04566090
      4.7570   2.6064E+02       0.50035280       0.04574052
      4.7620   2.6036E+02       0.50085620       0.04570716
      4.7670   2.6009E+02       0.50010281       0.04576874
      4.7720   2.5982E+02       0.49796009       0.04598486
      4.7770   2.5954E+02       0.49430715       0.04620023
      4.7820   2.5927E+02       0.48910637       0.04606641
      4.7870   2.5900E+02       0.48243518       0.04524716
      4.7920   2.5873E+02       0.47495332       0.04376478
      4.7970   2.5846E+02       0.46818972       0.04211584
      4.8020   2.5819E+02       0.46386155       0.04090467
      4.8070   2.5792E+02       0.46283833       0.04042191
      4.8120   2.5766E+02       0.46482772       0.04066136
      4.8170   2.5739E+02       0.46866934       0.04146164
      4.8220   2.5712E+02       0.47267952       0.04249537
      4.8270   2.5686E+02       0.47502498       0.04333913
      4.8320   2.5659E+02       0.47422092       0.04364218
      4.8370   2.5632E+02       0.46968148       0.04325510
      4.8420   2.5606E+02       0.46197291       0.04227310
      4.8470   2.5580E+02       0.45229500       0.04092559
      4.8520   2.5553E+02       0.44162550       0.03938287
      4.8570   2.5527E+02       0.43067680       0.03776640
      4.8620   2.5501E+02       0.42049306       0.03634049
      4.8670   2.5474E+02       0.41235633       0.03548464
      4.8720   2.5448E+02       0.40684094       0.03538762
      4.8770   2.5422E+02       0.40314567       0.03581450
      4.8820   2.5396E+02       0.39954980       0.03624084
      4.8870   2.5370E+02       0.39463352       0.03621258
      4.8920   2.5344E+02       0.38812811       0.03556313
      4.8970   2.5318E+02       0.38089171       0.03440050
      4.9020   2.5293E+02       0.37445035       0.03305843
      4.9070   2.5267E+02       0.37034088       0.03200078
      4.9120   2.5241E+02       0.36936026       0.03158331
      4.9170   2.5215E+02       0.37120650       0.03186897
      4.9220   2.5190E+02       0.37468407       0.03264375
      4.9270   2.5164E+02       0.37815252       0.03351526
      4.9320   2.5139E+02       0.38006541       0.03404932
      4.9370   2.5113E+02       0.37962497       0.03400992
      4.9420   2.5088E+02       0.37725953       0.03356806
      4.9470   2.5062E+02       0.37433234       0.03318132
      4.9520   2.5037E+02       0.37214552       0.03321436
      4.9570   2.5012E+02       0.37106347       0.03369495
      4.9620   2.4987E+02       0.37027143       0.03432417
      4.9670   2.4962E+02       0.36823085       0.03462353
      4.9720   2.4936E+02       0.36366765       0.03416212
      4.9770   2.4911E+02       0.35661797       0.03284821
      4.9820   2.4886E+02       0.34871306       0.03108512
      4.9870   2.4861E+02       0.34229587       0.02959295
      4.9920   2.4837E+02       0.33906495       0.02898593
      4.9970   2.4812E+02       0.33931220       0.02942978
      5.0020   2.4787E+02       0.34204877       0.03063862
      5.0070   2.4762E+02       0.34557534       0.03208876
      5.0120   2.4737E+02       0.34821905       0.03325579
      5.0170   2.4713E+02       0.34908501       0.03385393
      5.0220   2.4688E+02       0.34833634       0.03397131
      5.0270   2.4664E+02       0.34669548       0.03393015
      5.0320   2.4639E+02       0.34466048       0.03400379
      5.0370   2.4615E+02       0.34201511       0.03419329
      5.0420   2.4590E+02       0.33781458       0.03416617
      5.0470   2.4566E+02       0.33100200       0.03352104
      5.0520   2.4542E+02       0.32124889       0.03213082
      5.0570   2.4517E+02       0.30918565       0.03020132
      5.0620   2.4493E+02       0.29597680       0.02810570
      5.0670   2.4469E+02       0.28285897       0.02618661
      5.0720   2.4445E+02       0.27094886       0.02466235
      5.0770   2.4421E+02       0.26118655       0.02365685
      5.0820   2.4397E+02       0.25426708       0.02328073
      5.0870   2.4373E+02       0.25046664       0.02361283
      5.0920   2.4349E+02       0.24940408       0.02455745
      5.0970   2.4325E+02       0.24991194       0.02574538
      5.1020   2.4301E+02       0.25024818       0.02662103
      5.1070   2.4277E+02       0.24881371       0.02671781
      5.1120   2.4254E+02       0.24495182       0.02593216
      5.1170   2.4230E+02       0.23907381       0.02451277
      5.1220   2.4206E+02       0.23221020       0.02281831
      5.1270   2.4183E+02       0.22563406       0.02121185
      5.1320   2.4159E+02       0.22053568       0.02006279
      5.1370   2.4136E+02       0.21756733       0.01960944
      5.1420   2.4112E+02       0.21656008       0.01981301
      5.1470   2.4089E+02       0.21668871       0.02042500
      5.1520   2.4065E+02       0.21695282       0.02117135
      5.1570   2.4042E+02       0.21658159       0.02181639
      5.1620   2.4019E+02       0.21515944       0.02212558
      5.1670   2.3995E+02       0.21260636       0.02190932
      5.1720   2.3972E+02       0.20913958       0.02115619
      5.1770   2.3949E+02       0.20516250       0.02009110
      5.1820   2.3926E+02       0.20103455       0.01903590
      5.1870   2.3903E+02       0.19688459       0.01819755
      5.1920   2.3880E+02       0.19270495       0.01762516
      5.1970   2.3857E+02       0.18862713       0.01732678
      5.2020   2.3834E+02       0.18500866       0.01735038
      5.2070   2.3811E+02       0.18222089       0.01774885
      5.2120   2.3788E+02       0.18039745       0.01849940
      5.2170   2.3765E+02       0.17935061       0.01944421
      5.2220   2.3743E+02       0.17865669       0.02029832
      5.2270   2.3720E+02       0.17792634       0.02081256
      5.2320   2.3697E+02       0.17710213       0.02099352
      5.2370   2.3675E+02       0.17640181       0.02107101
      5.2420   2.3652E+02       0.17598811       0.02124801
      5.2470   2.3630E+02       0.17581226       0.02158998
      5.2520   2.3607E+02       0.17568791       0.02209524
      5.2570   2.3585E+02       0.17543319       0.02275719
      5.2620   2.3562E+02       0.17504839       0.02358010
      5.2670   2.3540E+02       0.17485323       0.02458936
      5.2720   2.3517E+02       0.17543775       0.02583694
      5.2770   2.3495E+02       0.17735960       0.02737747
      5.2820   2.3473E+02       0.18071734       0.02921834
      5.2870   2.3451E+02       0.18489440       0.03128410
      5.2920   2.3429E+02       0.18872083       0.03343191
      5.2970   2.3406E+02       0.19104223       0.03553182
      5.3020   2.3384E+02       0.19130510       0.03755650
      5.3070   2.3362E+02       0.18974579       0.03960832
      5.3120   2.3340E+02       0.18717089       0.04187746
      5.3170   2.3318E+02       0.18450886       0.04455492
      5.3220   2.3297E+02       0.18240072       0.04776543
      5.3270   2.3275E+02       0.18108587       0.05157314
      5.3320   2.3253E+02       0.18054467       0.05602971
      5.3370   2.3231E+02       0.18063770       0.06120919
      5.3420   2.3209E+02       0.18111040       0.06721609
      5.3470   2.3188E+02       0.18160420       0.07418731
      5.3520   2.3166E+02       0.18185039       0.08230832
      5.3570   2.3144E+02       0.18194795       0.09183814
      5.3620   2.3123E+02       0.18238204       0.10312136
      5.3670   2.3101E+02       0.18371900       0.11659532
      5.3720   2.3080E+02       0.18628526       0.13281578
      5.3770   2.3058E+02       0.19004299       0.15250459
      5.3820   2.3037E+02       0.19465306       0.17661573
      5.3870   2.3015E+02       0.19964062       0.20642060
      5.3920   2.2994E+02       0.20459050       0.24360917
      5.3970   2.2973E+02       0.20923021       0.29038819
      5.4020   2.2952E+02       0.21329780       0.34952495
      5.4070   2.2930E+02       0.21637546       0.42419599
      5.4120   2.2909E+02       0.21801200       0.51729401
      5.4170   2.2888E+02       0.21812455       0.62951131
      5.4220   2.2867E+02       0.21726183       0.75536518
      5.4270   2.2846E+02       0.21641347       0.87767811
      5.4320   2.2825E+02       0.21649676       0.96592381
      5.4370   2.2804E+02       0.21790308       0.98833923
      5.4420   2.2783E+02       0.22036534       0.93533298
      5.4470   2.2762E+02       0.22315077       0.82814854
      5.4520   2.2741E+02       0.22546914       0.70070152
      5.4570   2.2720E+02       0.22688125       0.57862976
      5.4620   2.2699E+02       0.22739025       0.47373114
      5.4670   2.2679E+02       0.22717917       0.38830720
      5.4720   2.2658E+02       0.22637803       0.32036612
      5.4770   2.2637E+02       0.22513204       0.26670779
      5.4820   2.2617E+02       0.22381769       0.22425198
      5.4870   2.2596E+02       0.22307543       0.19045167
      5.4920   2.2575E+02       0.22352839       0.16332762
      5.4970   2.2555E+02       0.22544860       0.14137793
      5.5020   2.2534E+02       0.22867662       0.12346847
      5.5070   2.2514E+02       0.23274117       0.10874065
      5.5120   2.2494E+02       0.23695971       0.09653766
      5.5170   2.2473E+02       0.24052088       0.08634534
      5.5220   2.2453E+02       0.24265947       0.07775215
      5.5270   2.2432E+02       0.24290378       0.07043032
      5.5320   2.2412E+02       0.24125691       0.06412953
      5.5370   2.2392E+02       0.23815056       0.05866288
      5.5420   2.2372E+02       0.23425573       0.05389037
      5.5470   2.2352E+02       0.23037348       0.04972576
      5.5520   2.2331E+02       0.22729068       0.04613837
      5.5570   2.2311E+02       0.22545736       0.04311131
      5.5620   2.2291E+02       0.22474848       0.04058574
      5.5670   2.2271E+02       0.22459931       0.03844583
      5.5720   2.2251E+02       0.22440694       0.03656712
      5.5770   2.2231E+02       0.22378458       0.03486984
      5.5820   2.2211E+02       0.22247968       0.03328788
      5.5870   2.2192E+02       0.22032151       0.03173143
      5.5920   2.2172E+02       0.21743026       0.03015968
      5.5970   2.2152E+02       0.21432878       0.02863941
      5.6020   2.2132E+02       0.21175371       0.02730231
      5.6070   2.2112E+02       0.21024749       0.02625623
      5.6120   2.2093E+02       0.20975938       0.02549450
      5.6170   2.2073E+02       0.20967880       0.02490077
      5.6220   2.2053E+02       0.20932294       0.02437020
      5.6270   2.2034E+02       0.20839154       0.02390755
      5.6320   2.2014E+02       0.20695615       0.02358601
      5.6370   2.1995E+02       0.20509741       0.02342768
      5.6420   2.1975E+02       0.20268423       0.02335255
      5.6470   2.1956E+02       0.19946338       0.02321943
      5.6520   2.1936E+02       0.19524741       0.02288716
      5.6570   2.1917E+02       0.19008315       0.02228819
      5.6620   2.1898E+02       0.18437978       0.02150923
      5.6670   2.1878E+02       0.17879307       0.02075168
      5.6720   2.1859E+02       0.17384537       0.02014874
      5.6770   2.1840E+02       0.16970000       0.01966674
      5.6820   2.1821E+02       0.16628299       0.01922269
      5.6870   2.1801E+02       0.16343081       0.01882267
      5.6920   2.1782E+02       0.16083030       0.01851475
      5.6970   2.1763E+02       0.15801723       0.01828927
      5.7020   2.1744E+02       0.15461367       0.01808844
      5.7070   2.1725E+02       0.15058170       0.01788164
      5.7120   2.1706E+02       0.14624779       0.01770492
      5.7170   2.1687E+02       0.14208148       0.01762537
      5.7220   2.1668E+02       0.13837749       0.01766491
      5.7270   2.1649E+02       0.13501317       0.01772059
      5.7320   2.1630E+02       0.13151219       0.01760636
      5.7370   2.1611E+02       0.12741882       0.01723061
      5.7420   2.1593E+02       0.12256231       0.01665354
      5.7470   2.1574E+02       0.11698640       0.01594762
      5.7520   2.1555E+02       0.11082781       0.01511009
      5.7570   2.1536E+02       0.10432498       0.01414103
      5.7620   2.1518E+02       0.09779756       0.01311626
      5.7670   2.1499E+02       0.09151956       0.01214122
      5.7720   2.1480E+02       0.08562884       0.01126528
      5.7770   2.1462E+02       0.08020284       0.01048621
      5.7820   2.1443E+02       0.07540016       0.00983109
      5.7870   2.1425E+02       0.07147259       0.00939372
      5.7920   2.1406E+02       0.06863616       0.00928218
      5.7970   2.1388E+02       0.06695861       0.00954299
      5.8020   2.1369E+02       0.06633145       0.01011623
      5.8070   2.1351E+02       0.06648285       0.01082392
      5.8120   2.1332E+02       0.06705318       0.01142688
      5.8170   2.1314E+02       0.06778189       0.01178555
      5.8220   2.1296E+02       0.06865355       0.01198829
      5.8270   2.1278E+02       0.06978538       0.01224722
      5.8320   2.1259E+02       0.07121263       0.01269591
      5.8370   2.1241E+02       0.07281836       0.01333952
      5.8420   2.1223E+02       0.07430629       0.01408301
      5.8470   2.1205E+02       0.07517235       0.01473869
      5.8520   2.1187E+02       0.07490186       0.01511184
      5.8570   2.1169E+02       0.07330256       0.01511708
      5.8620   2.1150E+02       0.07052096       0.01475039
      5.8670   2.1132E+02       0.06679514       0.01402749
      5.8720   2.1114E+02       0.06236144       0.01301849
      5.8770   2.1097E+02       0.05751188       0.01183981
      5.8820   2.1079E+02       0.05261971       0.01062066
      5.8870   2.1061E+02       0.04806033       0.00951026
      5.8920   2.1043E+02       0.04405970       0.00863108
      5.8970   2.1025E+02       0.04063704       0.00801352
      5.9020   2.1007E+02       0.03770742       0.00763070
      5.9070   2.0989E+02       0.03521280       0.00748608
      5.9120   2.0972E+02       0.03314954       0.00762331
      5.9170   2.0954E+02       0.03148402       0.00802938
      5.9220   2.0936E+02       0.03005060       0.00852861
      5.9270   2.0919E+02       0.02855927       0.00880777
      5.9320   2.0901E+02       0.02676512       0.00860596
      5.9370   2.0883E+02       0.02465617       0.00790993
      5.9420   2.0866E+02       0.02243261       0.00693179
      5.9470   2.0848E+02       0.02032114       0.00591746
      5.9520   2.0831E+02       0.01845178       0.00501764
      5.9570   2.0813E+02       0.01685678       0.00428330
      5.9620   2.0796E+02       0.01551488       0.00370877
      5.9670   2.0778E+02       0.01438663       0.00326726
      5.9720   2.0761E+02       0.01343197       0.00292902
      5.9770   2.0744E+02       0.01261648       0.00266829
      5.9820   2.0726E+02       0.01191254       0.00246485
      5.9870   2.0709E+02       0.01129852       0.00230353
      5.9920   2.0692E+02       0.01075767       0.00217328
      5.9970   2.0674E+02       0.01027698       0.00206609
      6.0020   2.0657E+02       0.00984629       0.00197618
      6.0070   2.0640E+02       0.00945758       0.00189937
      6.0120   2.0623E+02       0.00910448       0.00183264
      6.0170   2.0606E+02       0.00878184       0.00177377
      6.0220   2.0589E+02       0.00848551       0.00172109
      6.0270   2.0571E+02       0.00821206       0.00167340
      6.0320   2.0554E+02       0.00795867       0.00162976
      6.0370   2.0537E+02       0.00772296       0.00158945
      6.0420   2.0520E+02       0.00750295       0.00155195
      6.0470   2.0503E+02       0.00729695       0.00151681
      6.0520   2.0486E+02       0.00710351       0.00148370
      6.0570   2.0470E+02       0.00692139       0.00145234
      6.0620   2.0453E+02       0.00674952       0.00142254
      6.0670   2.0436E+02       0.00658697       0.00139409
      6.0720   2.0419E+02       0.00643290       0.00136687
      6.0770   2.0402E+02       0.00628661       0.00134075
