      0.00    -51.992496    -51.913007    -51.871002    -51.857589    -51.854906    -51.850313    -51.850313    -51.850313
      0.50    -51.997864    -51.918265    -51.876224    -51.862773    -51.860274    -51.855791    -51.855791    -51.850492
      1.00    -52.011370    -51.931550    -51.889325    -51.875728    -51.873817    -51.869591    -51.869591    -51.850895
      1.50    -52.026872    -51.946648    -51.904129    -51.890348    -51.889356    -51.885498    -51.885498    -51.851250
      2.00    -52.038207    -51.957468    -51.914508    -51.900764    -51.900544    -51.897383    -51.897383    -51.851466
      2.50    -52.041928    -51.960528    -51.917090    -51.904632    -51.902832    -51.901692    -51.901692    -51.851440
      3.00    -52.037938    -51.955840    -51.911851    -51.900826    -51.898327    -51.897261    -51.898327    -51.851300
      3.50    -52.028428    -51.945521    -51.900981    -51.891536    -51.889368    -51.886134    -51.886134    -51.851067
      4.00    -52.017486    -51.933845    -51.888790    -51.880816    -51.878905    -51.873649    -51.888790    -51.850835
      4.50    -52.004404    -51.919807    -51.874275    -51.868028    -51.866190    -51.858803    -51.874275    -51.850646
      5.00    -51.994747    -51.909231    -51.863295    -51.858664    -51.856753    -51.847603    -51.863295    -51.850480
      5.50    -51.990765    -51.904331    -51.858210    -51.854940    -51.852808    -51.842335    -51.858210    -51.850410
      6.00    -51.993422    -51.906179    -51.860022    -51.857890    -51.855318    -51.844036    -51.860022    -51.850439
      6.50    -52.002335    -51.914357    -51.868347    -51.867061    -51.863937    -51.852324    -51.868347    -51.850539
      7.00    -52.015791    -51.927225    -51.881509    -51.880774    -51.876915    -51.865523    -51.881509    -51.850729
      7.50    -52.030830    -51.941823    -51.896548    -51.896070    -51.891330    -51.880636    -51.896548    -51.850989
      8.00    -52.043549    -51.954211    -51.909560    -51.909009    -51.903276    -51.893795    -51.909560    -51.851288
      8.50    -52.049819    -51.960297    -51.916345    -51.915463    -51.908591    -51.900800    -51.916345    -51.851490
      9.00    -52.046648    -51.957127    -51.913946    -51.912476    -51.904318    -51.898622    -51.913946    -51.851542
      9.50    -52.033992    -51.944581    -51.902246    -51.899894    -51.890449    -51.887179    -51.902246    -51.851319
     10.00    -52.016065    -51.926838    -51.885384    -51.882004    -51.871273    -51.870538    -51.871273    -51.850837
     10.50    -52.005604    -51.916597    -51.875732    -51.871506    -51.861069    -51.859967    -51.859967    -51.850735
     11.00    -52.005302    -51.916590    -51.876165    -51.871131    -51.861649    -51.858967    -51.861649    -51.850701
     11.50    -52.015649    -51.927304    -51.887321    -51.881367    -51.872989    -51.868726    -51.872989    -51.851064
     12.00    -52.030582    -51.942714    -51.903099    -51.896116    -51.888913    -51.883144    -51.888913    -51.851481
     12.50    -52.043299    -51.956020    -51.916698    -51.908650    -51.902696    -51.896045    -51.902696    -51.851794
     13.00    -52.048875    -51.962256    -51.923192    -51.913968    -51.909337    -51.902649    -51.909337    -51.851830
     13.50    -52.045871    -51.959987    -51.921107    -51.910780    -51.907473    -51.900674    -51.907473    -51.851711
     14.00    -52.035887    -51.950812    -51.912078    -51.900613    -51.898665    -51.891719    -51.898665    -51.851501
     14.50    -52.022160    -51.937931    -51.899307    -51.886776    -51.886114    -51.879022    -51.886114    -51.851260
     15.00    -52.008251    -51.924941    -51.886354    -51.873381    -51.872830    -51.866178    -51.872830    -51.851055
     15.50    -51.997543    -51.915040    -51.876380    -51.863628    -51.862232    -51.856315    -51.863628    -51.850917
     16.00    -51.991464    -51.909734    -51.870963    -51.858395    -51.856411    -51.851008    -51.858395    -51.850844
     16.50    -51.991310    -51.910351    -51.871433    -51.859049    -51.856587    -51.851589    -51.859049    -51.850866
     17.00    -51.996902    -51.916678    -51.877577    -51.865376    -51.862657    -51.857879    -51.865376    -51.850967
     17.50    -52.006886    -51.927360    -51.888002    -51.875985    -51.873155    -51.868488    -51.875985    -51.851123
     18.00    -52.018816    -51.939915    -51.900336    -51.888430    -51.885673    -51.880969    -51.888430    -51.851337
     18.50    -52.029427    -51.951077    -51.911204    -51.899408    -51.896945    -51.891984    -51.899408    -51.851558
     19.00    -52.035221    -51.957349    -51.917182    -51.905459    -51.903437    -51.897999    -51.905459    -51.851769
     19.50    -52.033551    -51.956010    -51.915549    -51.903863    -51.902430    -51.896403    -51.903863    -51.851816
     20.00    -52.024066    -51.946783    -51.905991    -51.894268    -51.893606    -51.886734    -51.894268    -51.851634
     20.50    -52.009828    -51.932654    -51.891532    -51.879956    -51.879735    -51.872092    -51.879956    -51.850974
     21.00    -51.997209    -51.919925    -51.878362    -51.867888    -51.866418    -51.858554    -51.866418    -51.850560
     21.50    -51.992863    -51.915286    -51.873281    -51.863984    -51.861117    -51.852959    -51.861117    -51.850378
     22.00    -51.999152    -51.921133    -51.878651    -51.870603    -51.866267    -51.857778    -51.866267    -51.850546
     22.50    -52.013634    -51.935064    -51.892141    -51.885306    -51.879426    -51.872701    -51.879426    -51.850925
     23.00    -52.030141    -51.950946    -51.907582    -51.901922    -51.894536    -51.890163    -51.894536    -51.851340
     23.50    -52.042353    -51.962423    -51.918655    -51.914098    -51.905241    -51.903257    -51.905241    -51.851512
     24.00    -52.046679    -51.965977    -51.921878    -51.918276    -51.908354    -51.908097    -51.908097    -51.850628
     24.50    -52.042970    -51.961423    -51.917030    -51.914384    -51.905380    -51.902918    -51.905380    -51.850475
     25.00    -52.033219    -51.950827    -51.906139    -51.904412    -51.896291    -51.891660    -51.896291    -51.850233
     25.50    -52.020840    -51.937566    -51.892621    -51.891813    -51.884610    -51.877738    -51.884610    -51.850014
     26.00    -52.009237    -51.925118    -51.879990    -51.879916    -51.873743    -51.864665    -51.873743    -51.849844
     26.50    -52.001119    -51.916155    -51.871725    -51.870732    -51.866396    -51.855151    -51.866396    -51.849736
     27.00    -51.998160    -51.912461    -51.868619    -51.866781    -51.864245    -51.850942    -51.864245    -51.849687
     27.50    -52.000890    -51.914565    -51.871238    -51.868702    -51.867857    -51.852569    -51.867857    -51.849739
     28.00    -52.008647    -51.921808    -51.878958    -51.876533    -51.875761    -51.859408    -51.875761    -51.849813
     28.50    -52.019981    -51.932738    -51.890182    -51.888602    -51.886691    -51.870227    -51.886691    -51.849974
     29.00    -52.032073    -51.944536    -51.902127    -51.901245    -51.898709    -51.882209    -51.898709    -51.850206
     29.50    -52.041389    -51.953742    -51.911223    -51.910855    -51.908283    -51.891782    -51.908283    -51.850467
     30.00    -52.044485    -51.956948    -51.914061    -51.914025    -51.911893    -51.895503    -51.911893    -51.850618
     30.50    -52.039337    -51.951984    -51.908693    -51.908546    -51.907518    -51.891274    -51.891274    -51.850584
     31.00    -52.029554    -51.942495    -51.898616    -51.898506    -51.898396    -51.882520    -51.882520    -51.850360
     31.50    -52.018737    -51.932119    -51.888865    -51.887138    -51.887065    -51.872953    -51.872953    -51.850030
     32.00    -52.011762    -51.925695    -51.883139    -51.879501    -51.879428    -51.867447    -51.867447    -51.849816
     32.50    -52.012131    -51.926762    -51.884905    -51.879135    -51.878988    -51.869396    -51.869396    -51.849802
     33.00    -52.019836    -51.935203    -51.894043    -51.885995    -51.885848    -51.878829    -51.878829    -51.850070
     33.50    -52.031264    -51.947438    -51.907014    -51.896504    -51.896394    -51.892021    -51.892021    -51.850407
     34.00    -52.041223    -51.958280    -51.918554    -51.905471    -51.905434    -51.903781    -51.903781    -51.850664
     34.50    -52.045545    -51.963484    -51.924419    -51.909903    -51.908838    -51.908764    -51.908764    -51.850977
     35.00    -52.042889    -51.961636    -51.923159    -51.908827    -51.905336    -51.905152    -51.905152    -51.850887
     35.50    -52.034307    -51.953753    -51.915791    -51.901642    -51.896020    -51.895726    -51.895726    -51.850704
     36.00    -52.022429    -51.942462    -51.904868    -51.890866    -51.883480    -51.883149    -51.883149    -51.850494
     36.50    -52.010378    -51.930852    -51.893588    -51.879660    -51.870951    -51.870583    -51.870583    -51.850311
     37.00    -52.000949    -51.921754    -51.884637    -51.870783    -51.861228    -51.860860    -51.860860    -51.850190
     37.50    -51.996128    -51.917117    -51.880074    -51.866220    -51.856260    -51.855966    -51.855966    -51.850128
     38.00    -51.996845    -51.917870    -51.880753    -51.866862    -51.857050    -51.856866    -51.856866    -51.850159
     38.50    -52.002884    -51.923800    -51.886536    -51.872571    -51.863347    -51.863310    -51.863310    -51.850248
     39.00    -52.012916    -51.933574    -51.896053    -51.881978    -51.873930    -51.873820    -51.873930    -51.850347
     39.50    -52.024626    -51.944917    -51.906992    -51.892770    -51.886486    -51.886155    -51.886486    -51.850573
     40.00    -52.035037    -51.954886    -51.916410    -51.902004    -51.897851    -51.897374    -51.897851    -51.850764
     40.50    -52.041120    -51.960382    -51.921354    -51.906691    -51.905037    -51.904339    -51.905037    -51.850936
     41.00    -52.040739    -51.959302    -51.919613    -51.905795    -51.904987    -51.904693    -51.904987    -51.850207
     41.50    -52.033752    -51.951617    -51.911156    -51.900021    -51.899139    -51.895942    -51.899139    -51.850059
     42.00    -52.022641    -51.939735    -51.898429    -51.890086    -51.889315    -51.882884    -51.889315    -51.849774
     42.50    -52.011918    -51.928240    -51.885978    -51.880502    -51.880024    -51.870102    -51.880024    -51.849481
     43.00    -52.006094    -51.921681    -51.878390    -51.875781    -51.875744    -51.862110    -51.875744    -51.849612
     43.50    -52.007176    -51.921954    -51.878443    -51.877782    -51.877671    -51.860987    -51.877782    -51.850921
     44.00    -52.013793    -51.927799    -51.886603    -51.885207    -51.882597    -51.865509    -51.885207    -51.851193
     44.50    -52.021817    -51.935015    -51.896061    -51.893892    -51.888968    -51.873938    -51.893892    -51.851456
     45.00    -52.026980    -51.939480    -51.902474    -51.899607    -51.892588    -51.879468    -51.899607    -51.851611
     45.50    -52.026789    -51.938627    -51.903348    -51.899857    -51.891037    -51.879534    -51.899857    -51.851609
     46.00    -52.021163    -51.932413    -51.898530    -51.894562    -51.884272    -51.874019    -51.894562    -51.851477
     46.50    -52.011895    -51.922704    -51.889814    -51.885588    -51.874159    -51.864751    -51.885588    -51.851342
     47.00    -52.001649    -51.912238    -51.879861    -51.875525    -51.863361    -51.854394    -51.875525    -51.851169
     47.50    -51.993069    -51.903511    -51.871318    -51.867056    -51.854561    -51.845594    -51.867056    -51.851018
     48.00    -51.988197    -51.898676    -51.866263    -51.862294    -51.849836    -51.840355    -51.862294    -51.850967
     48.50    -51.988172    -51.898834    -51.865833    -51.862305    -51.850252    -51.839888    -51.862305    -51.850940
     49.00    -51.993109    -51.904102    -51.870146    -51.867279    -51.855960    -51.844274    -51.867279    -51.851003
     49.50    -52.002105    -51.913576    -51.878333    -51.876275    -51.866059    -51.852609    -51.876275    -51.851112
     50.00    -52.013322    -51.925381    -51.888559    -51.887493    -51.878599    -51.863128    -51.887493    -51.851290
     50.50    -52.024213    -51.936933    -51.898273    -51.898273    -51.890997    -51.874276    -51.898273    -51.851997
     51.00    -52.031805    -51.945407    -51.905901    -51.904652    -51.900279    -51.884072    -51.904652    -51.852142
     51.50    -52.033807    -51.948439    -51.907867    -51.905442    -51.904082    -51.888354    -51.905442    -51.852213
     52.00    -52.029352    -51.945086    -51.903339    -51.901464    -51.899774    -51.886250    -51.901464    -51.852270
     52.50    -52.019867    -51.936740    -51.893964    -51.893707    -51.888893    -51.879191    -51.888893    -51.852917
     53.00    -52.009661    -51.927563    -51.885485    -51.883280    -51.877400    -51.871153    -51.927563    -51.852668
     53.50    -51.993680    -51.913346    -51.872444    -51.866821    -51.859251    -51.858773    -51.913346    -51.852246
     54.00    -51.982137    -51.903604    -51.863694    -51.854727    -51.850685    -51.845650    -51.903604    -51.852016
     54.50    -51.978811    -51.902005    -51.862940    -51.850776    -51.850592    -51.840486    -51.902005    -51.852066
     55.00    -51.982896    -51.907743    -51.869414    -51.857617    -51.854163    -51.846776    -51.907743    -51.852391
     55.50    -51.989664    -51.916019    -51.878277    -51.866995    -51.860196    -51.856558    -51.916019    -51.852740
     56.00    -51.993470    -51.921221    -51.883883    -51.873079    -51.863304    -51.862899    -51.921221    -51.852977
     56.50    -51.990728    -51.919692    -51.882648    -51.872212    -51.862216    -51.859864    -51.919692    -51.852976
     57.00    -51.981111    -51.911103    -51.874207    -51.864101    -51.854215    -51.849695    -51.911103    -51.852803
     57.50    -51.966926    -51.897764    -51.860904    -51.851019    -51.841133    -51.835069    -51.897764    -51.852563
     58.00    -51.951735    -51.883235    -51.846228    -51.836526    -51.826567    -51.819622    -51.883235    -51.852343
     58.50    -51.939103    -51.871043    -51.833779    -51.824151    -51.814118    -51.806915    -51.871043    -51.852157
     59.00    -51.931811    -51.864008    -51.826340    -51.816675    -51.806495    -51.799697    -51.864008    -51.852066
     59.50    -51.931483    -51.863717    -51.825534    -51.815759    -51.805432    -51.799736    -51.863717    -51.852037
     60.00    -51.938459    -51.870546    -51.831702    -51.821707    -51.811233    -51.807301    -51.870546    -51.852100
     60.50    -51.951796    -51.883516    -51.843937    -51.833647    -51.822990    -51.821410    -51.883516    -51.852203
     61.00    -51.969362    -51.900568    -51.860143    -51.849449    -51.839858    -51.838645    -51.900568    -51.852398
     61.50    -51.988040    -51.918583    -51.877204    -51.866032    -51.859564    -51.855081    -51.918583    -51.852649
     62.00    -52.004137    -51.933835    -51.891463    -51.879777    -51.876764    -51.868642    -51.933835    -51.852859
     62.50    -52.014111    -51.942890    -51.899453    -51.887803    -51.887142    -51.878469    -51.942890    -51.853051
     63.00    -52.015666    -51.943380    -51.898877    -51.890424    -51.885904    -51.881788    -51.943380    -51.853056
     63.50    -52.008939    -51.935477    -51.889872    -51.884653    -51.876899    -51.876238    -51.935477    -51.852842
     64.00    -51.997124    -51.922449    -51.875741    -51.873683    -51.866995    -51.861372    -51.922449    -51.852511
     64.50    -51.985669    -51.909708    -51.862889    -51.861934    -51.857524    -51.846867    -51.909708    -51.852161
     65.00    -51.979888    -51.902640    -51.857586    -51.853801    -51.853764    -51.838035    -51.902640    -51.852032
     65.50    -51.982121    -51.903551    -51.860077    -51.858092    -51.853756    -51.838174    -51.903551    -51.852147
     66.00    -51.990455    -51.910599    -51.868484    -51.868484    -51.859922    -51.847023    -51.910599    -51.852459
     66.50    -52.000014    -51.918945    -51.880064    -51.877896    -51.867532    -51.857059    -51.918945    -51.852763
     67.00    -52.005848    -51.923677    -51.887736    -51.883436    -51.871677    -51.863298    -51.923677    -51.852898
     67.50    -52.005322    -51.922232    -51.888790    -51.882433    -51.869791    -51.863066    -51.922232    -51.852862
     68.00    -51.998731    -51.914980    -51.883522    -51.875254    -51.862244    -51.856622    -51.914980    -51.852747
     68.50    -51.988467    -51.904237    -51.874250    -51.864327    -51.851465    -51.846357    -51.904237    -51.852530
     69.00    -51.977709    -51.893259    -51.864190    -51.852761    -51.840708    -51.835452    -51.893259    -51.852330
     69.50    -51.969381    -51.885005    -51.856230    -51.843588    -51.832821    -51.826831    -51.885005    -51.852207
     70.00    -51.965548    -51.881503    -51.852471    -51.838837    -51.829907    -51.822520    -51.881503    -51.852136
     70.50    -51.967182    -51.883761    -51.853921    -51.839515    -51.832900    -51.823566    -51.853921    -51.852168
     71.00    -51.971296    -51.888096    -51.857851    -51.843408    -51.837528    -51.827422    -51.857851    -51.852205
     71.50    -51.980888    -51.898055    -51.867075    -51.852780    -51.847855    -51.836683    -51.867075    -51.852309
     72.00    -51.994145    -51.911789    -51.879781    -51.865742    -51.862068    -51.849462    -51.879781    -51.852483
     72.50    -52.008316    -51.926549    -51.893217    -51.879693    -51.877378    -51.863009    -51.893217    -51.852721
     73.00    -52.020092    -51.938950    -51.904001    -51.891212    -51.890440    -51.874087    -51.904001    -51.852920
     73.50    -52.026328    -51.945847    -51.909024    -51.898073    -51.897191    -51.881903    -51.909024    -51.853051
     74.00    -52.025155    -51.945372    -51.906454    -51.898333    -51.895724    -51.882494    -51.906454    -51.853055
     74.50    -52.017208    -51.938087    -51.896891    -51.891820    -51.887447    -51.876312    -51.896891    -51.852814
     75.00    -52.006188    -51.927729    -51.884181    -51.882159    -51.876022    -51.866982    -51.884181    -51.852474
     75.50    -51.997780    -51.919871    -51.875074    -51.874008    -51.867136    -51.860117    -51.874008    -51.851674
     76.00    -51.997011    -51.919580    -51.875518    -51.871475    -51.865889    -51.860781    -51.875518    -51.851592
     76.50    -52.005049    -51.928023    -51.884769    -51.877639    -51.873156    -51.870253    -51.884769    -51.851816
     77.00    -52.017855    -51.941122    -51.898750    -51.888497    -51.885116    -51.884454    -51.898750    -51.852191
     77.50    -52.029572    -51.953023    -51.911570    -51.898304    -51.897459    -51.895878    -51.911570    -51.852486
     78.00    -52.035246    -51.958734    -51.918273    -51.904345    -51.902067    -51.900523    -51.904345    -51.852591
     78.50    -52.033493    -51.956944    -51.917365    -51.903547    -51.898696    -51.897814    -51.903547    -51.852533
     79.00    -52.025960    -51.949264    -51.910567    -51.896859    -51.889620    -51.889363    -51.896859    -51.852375
     79.50    -52.014814    -51.937898    -51.900083    -51.886449    -51.877298    -51.877041    -51.886449    -51.852201
     80.00    -52.002881    -51.925597    -51.888664    -51.875067    -51.864520    -51.863785    -51.875067    -51.852010
     80.50    -51.992849    -51.915161    -51.879000    -51.865439    -51.853789    -51.852650    -51.865439    -51.851886
     81.00    -51.986763    -51.908560    -51.873097    -51.859573    -51.847115    -51.845609    -51.859573    -51.851823
     81.50    -51.985762    -51.906972    -51.872133    -51.858573    -51.845674    -51.844571    -51.858573    -51.851805
     82.00    -51.989946    -51.910531    -51.876170    -51.862573    -51.849637    -51.848792    -51.862573    -51.851871
     82.50    -51.998368    -51.918218    -51.884262    -51.870628    -51.857986    -51.857030    -51.870628    -51.852017
     83.00    -52.009134    -51.928249    -51.894550    -51.880806    -51.868899    -51.867392    -51.880806    -51.852179
     83.50    -52.019683    -51.938026    -51.904437    -51.890583    -51.879778    -51.877353    -51.890583    -51.852351
     84.00    -52.027313    -51.944848    -51.911259    -51.897294    -51.887923    -51.884175    -51.897294    -51.852500
     84.50    -52.029992    -51.946754    -51.913018    -51.898870    -51.891263    -51.886706    -51.898870    -51.852510
     85.00    -52.027280    -51.943307    -51.909241    -51.894982    -51.889323    -51.884288    -51.894982    -51.852425
     85.50    -52.020947    -51.936276    -51.901769    -51.887363    -51.883835    -51.878396    -51.887363    -51.852207
     86.00    -52.014618    -51.929323    -51.894227    -51.879637    -51.878425    -51.872729    -51.879637    -51.851932
     86.50    -52.012225    -51.926342    -51.890548    -51.876951    -51.875812    -51.871145    -51.875812    -51.851719
     87.00    -52.015970    -51.929572    -51.892933    -51.881614    -51.878049    -51.875918    -51.878049    -51.851803
     87.50    -52.024725    -51.937887    -51.900329    -51.891252    -51.885850    -51.885298    -51.885298    -51.851179
     88.00    -52.034927    -51.947758    -51.909171    -51.902299    -51.897411    -51.893957    -51.897411    -51.851424
     88.50    -52.042562    -51.955172    -51.915372    -51.910815    -51.906626    -51.900011    -51.906626    -51.851628
     89.00    -52.044137    -51.956637    -51.915551    -51.913236    -51.909892    -51.900006    -51.909892    -51.851624
     89.50    -52.039114    -51.951613    -51.909131    -51.909094    -51.906706    -51.893439    -51.906706    -51.851517
     90.00    -52.029039    -51.941722    -51.899865    -51.898542    -51.897770    -51.881931    -51.898542    -51.852102
     90.50    -52.016608    -51.929622    -51.888279    -51.888022    -51.884273    -51.868287    -51.888022    -51.851930
     91.00    -52.004560    -51.918163    -51.877922    -51.877077    -51.871307    -51.855211    -51.877077    -51.851490
     91.50    -51.995419    -51.909646    -51.870581    -51.868707    -51.861431    -51.845261    -51.870581    -51.851377
     92.00    -51.990155    -51.905153    -51.867081    -51.864325    -51.855579    -51.840144    -51.867081    -51.851323
     92.50    -51.989474    -51.905354    -51.868164    -51.864379    -51.854567    -51.840088    -51.868164    -51.851369
     93.00    -51.992865    -51.909775    -51.873246    -51.868506    -51.857848    -51.844067    -51.873246    -51.851479
     93.50    -51.998900    -51.916949    -51.880825    -51.875239    -51.863957    -51.850617    -51.880825    -51.851613
     94.00    -52.005428    -51.924617    -51.888712    -51.882355    -51.870779    -51.857549    -51.888712    -51.851765
     94.50    -52.009973    -51.930337    -51.894433    -51.887451    -51.875765    -51.862388    -51.894433    -51.851952
     95.00    -52.010374    -51.931914    -51.895679    -51.888292    -51.876790    -51.862935    -51.895679    -51.852022
     95.50    -52.005637    -51.928243    -51.891457    -51.883923    -51.872752    -51.858162    -51.891457    -51.851961
     96.00    -51.996721    -51.920356    -51.882725    -51.875228    -51.864644    -51.849062    -51.882725    -51.851777
     96.50    -51.986687    -51.911204    -51.872544    -51.865341    -51.855419    -51.839616    -51.872544    -51.851516
     97.00    -51.979769    -51.905021    -51.865185    -51.858423    -51.849346    -51.833617    -51.865185    -51.851311
     97.50    -51.979426    -51.905266    -51.864107    -51.857933    -51.849811    -51.834156    -51.864107    -51.851243
     98.00    -51.986446    -51.912727    -51.870208    -51.864695    -51.857640    -51.842021    -51.870208    -51.851414
     98.50    -51.998412    -51.924950    -51.881035    -51.876294    -51.870341    -51.854796    -51.881035    -51.851670
     99.00    -52.011005    -51.937617    -51.892342    -51.888373    -51.883596    -51.868161    -51.892342    -51.851928
     99.50    -52.020194    -51.946695    -51.900060    -51.896936    -51.893445    -51.878084    -51.900060    -51.852045
    100.00    -52.023869    -51.950113    -51.902082    -51.899840    -51.897709    -51.882458    -51.902082    -51.851997
    100.50    -52.022217    -51.948020    -51.898666    -51.897380    -51.896608    -51.881504    -51.898666    -51.851892
    101.00    -52.017058    -51.942309    -51.891963    -51.891595    -51.891375    -51.877006    -51.891375    -51.850828
    101.50    -52.011203    -51.935646    -51.886623    -51.884528    -51.883536    -51.871813    -51.884528    -51.850295
    102.00    -52.006659    -51.930073    -51.882519    -51.878881    -51.876676    -51.867856    -51.878881    -51.850164
    102.50    -52.005244    -51.927445    -51.881472    -51.876327    -51.872799    -51.866919    -51.876327    -51.850136
    103.00    -52.007729    -51.928535    -51.884215    -51.877563    -51.872749    -51.869699    -51.877563    -51.850133
    103.50    -52.013927    -51.933115    -51.890560    -51.882475    -51.876448    -51.876044    -51.882475    -51.850217
    104.00    -52.022726    -51.940187    -51.899396    -51.889951    -51.884769    -51.882822    -51.889951    -51.850363
    104.50    -52.032221    -51.947845    -51.908780    -51.898049    -51.893970    -51.890038    -51.898049    -51.850500
    105.00    -52.039990    -51.953666    -51.916292    -51.904459    -51.901262    -51.895713    -51.904459    -51.850681
    105.50    -52.043613    -51.955341    -51.919474    -51.906722    -51.904186    -51.897461    -51.906722    -51.850791
    106.00    -52.041433    -51.951214    -51.916706    -51.903256    -51.901088    -51.893664    -51.903256    -51.850816
    106.50    -52.033436    -51.941269    -51.907974    -51.894046    -51.892025    -51.884234    -51.894046    -51.850683
    107.00    -52.021809    -51.927805    -51.895392    -51.881353    -51.879112    -51.871468    -51.881353    -51.850451
    107.50    -52.010602    -51.914833    -51.883118    -51.869190    -51.866508    -51.859562    -51.869190    -51.850152
    108.00    -52.004223    -51.906874    -51.875527    -51.862040    -51.858622    -51.852375    -51.862040    -51.849974
    108.50    -52.005310    -51.906528    -51.875254    -51.862576    -51.858129    -51.853094    -51.862576    -51.850029
    109.00    -52.013270    -51.913275    -51.881817    -51.870168    -51.864472    -51.860980    -51.870168    -51.850235
    109.50    -52.024590    -51.923676    -51.891741    -51.881378    -51.874212    -51.872521    -51.881378    -51.850517
    110.00    -52.034736    -51.933234    -51.900528    -51.891708    -51.883108    -51.882888    -51.891708    -51.850748
    110.50    -52.040319    -51.938597    -51.904898    -51.897695    -51.889390    -51.887185    -51.897695    -51.850779
    111.00    -52.040230    -51.938728    -51.903780    -51.898304    -51.890256    -51.886030    -51.898304    -51.850697
    111.50    -52.035476    -51.934599    -51.898217    -51.894505    -51.886715    -51.880504    -51.894505    -51.850543
    112.00    -52.028280    -51.928432    -51.890470    -51.888486    -51.881062    -51.872904    -51.888486    -51.850374
    112.50    -52.021114    -51.922736    -51.883083    -51.882716    -51.875733    -51.865627    -51.882716    -51.850274
    113.00    -52.016003    -51.919463    -51.879075    -51.878010    -51.872754    -51.860774    -51.878010    -51.849758
    113.50    -52.014385    -51.920050    -51.879001    -51.876869    -51.873415    -51.859891    -51.876869    -51.849742
    114.00    -52.016557    -51.924757    -51.882642    -51.879923    -51.878012    -51.863239    -51.879923    -51.849795
    114.50    -52.021815    -51.932771    -51.889297    -51.886394    -51.885695    -51.870077    -51.886394    -51.849891
    115.00    -52.028578    -51.942364    -51.897310    -51.894811    -51.894664    -51.878751    -51.894664    -51.849825
    115.50    -52.034468    -51.951084    -51.904302    -51.902942    -51.902170    -51.886699    -51.902942    -51.849951
    116.00    -52.037155    -51.956601    -51.907981    -51.907724    -51.906622    -51.891554    -51.907724    -51.850079
    116.50    -52.034545    -51.956637    -51.907099    -51.906217    -51.905739    -51.891039    -51.906217    -51.849800
    117.00    -52.026405    -51.950885    -51.900538    -51.899215    -51.898738    -51.884883    -51.899215    -51.849687
    117.50    -52.014141    -51.940789    -51.889340    -51.888568    -51.886951    -51.874567    -51.888568    -51.849495
    118.00    -52.000837    -51.929323    -51.876845    -51.876661    -51.873941    -51.863174    -51.876845    -51.849611
    118.50    -51.990276    -51.920342    -51.867753    -51.866320    -51.863490    -51.854377    -51.867753    -51.849399
    119.00    -51.985874    -51.917227    -51.864749    -51.861698    -51.859052    -51.851629    -51.864749    -51.849346
    119.50    -51.988539    -51.920810    -51.868699    -51.863775    -51.861533    -51.855837    -51.868699    -51.849468
    120.00    -51.996365    -51.929260    -51.877701    -51.870608    -51.869028    -51.865059    -51.877701    -51.849711
    120.50    -52.005600    -51.938790    -51.888002    -51.878558    -51.877786    -51.875581    -51.888002    -51.849959
    121.00    -52.012494    -51.945610    -51.895815    -51.884128    -51.883798    -51.883651    -51.895815    -51.850077
    121.50    -52.014860    -51.947646    -51.898990    -51.887046    -51.885834    -51.884253    -51.898990    -51.850077
    122.00    -52.012580    -51.944704    -51.897371    -51.885611    -51.882819    -51.879768    -51.897371    -51.849962
    122.50    -52.007129    -51.938298    -51.892434    -51.880822    -51.876522    -51.871965    -51.892434    -51.849797
    123.00    -52.000707    -51.930663    -51.886380    -51.874804    -51.869181    -51.863485    -51.886380    -51.849643
    123.50    -51.995459    -51.923872    -51.881353    -51.869703    -51.862978    -51.858200    -51.881353    -51.849545
    124.00    -51.992977    -51.919626    -51.878907    -51.867037    -51.859467    -51.855498    -51.878907    -51.849498
    124.50    -51.994056    -51.918683    -51.879839    -51.867639    -51.859443    -51.856283    -51.879839    -51.849528
    125.00    -51.998605    -51.920991    -51.883984    -51.871306    -51.862853    -51.860391    -51.883984    -51.849578
    125.50    -52.005684    -51.925644    -51.890438    -51.877171    -51.868756    -51.866845    -51.890438    -51.849696
    126.00    -52.013634    -51.931021    -51.897506    -51.883615    -51.875567    -51.874023    -51.897506    -51.849837
    126.50    -52.020374    -51.935116    -51.903107    -51.888518    -51.881168    -51.879808    -51.903107    -51.849978
    127.00    -52.023876    -51.935862    -51.905213    -51.889888    -51.883567    -51.882134    -51.905213    -51.850070
    127.50    -52.022831    -51.932097    -51.902551    -51.886528    -51.881530    -51.879729    -51.902551    -51.850086
    128.00    -52.017319    -51.923902    -51.895201    -51.878516    -51.875136    -51.872600    -51.895201    -51.849975
    128.50    -52.009138    -51.913149    -51.885035    -51.867726    -51.866220    -51.862618    -51.885035    -51.849799
    129.00    -52.001440    -51.902988    -51.875206    -51.857934    -51.857346    -51.852899    -51.875206    -51.849584
    129.50    -51.997588    -51.896931    -51.869149    -51.853677    -51.850848    -51.846842    -51.869149    -51.849441
    130.00    -51.999655    -51.897088    -51.869011    -51.855524    -51.850343    -51.846558    -51.869011    -51.849453
    130.50    -52.007321    -51.903173    -51.874545    -51.863227    -51.855619    -51.852790    -51.874545    -51.849606
    131.00    -52.017932    -51.912609    -51.883209    -51.874059    -51.864100    -51.863548    -51.883209    -51.849839
    131.50    -52.027799    -51.921814    -51.891385    -51.884403    -51.873783    -51.872202    -51.891385    -51.850020
    132.00    -52.033925    -51.927830    -51.896152    -51.891264    -51.880460    -51.877005    -51.896152    -51.850067
    132.50    -52.035143    -51.929526    -51.896451    -51.893438    -51.882523    -51.877415    -51.896451    -51.850022
    133.00    -52.032174    -51.927622    -51.893004    -51.891608    -51.880693    -51.874189    -51.893004    -51.849891
    133.50    -52.026926    -51.924028    -51.887756    -51.887682    -51.876915    -51.869271    -51.887756    -51.849752
    134.00    -52.021604    -51.920874    -51.883794    -51.882875    -51.873394    -51.864795    -51.883794    -51.850123
    134.50    -52.017875    -51.919717    -51.881572    -51.879881    -51.871796    -51.862278    -51.881572    -51.850052
    135.00    -52.016800    -51.921509    -51.882041    -51.879725    -51.873184    -51.862637    -51.882041    -51.850047
    135.50    -52.018590    -51.926386    -51.885300    -51.882654    -51.877620    -51.866007    -51.885300    -51.850062
    136.00    -52.022611    -51.933531    -51.890718    -51.887925    -51.884433    -51.871718    -51.890718    -51.850148
    136.50    -52.027507    -51.941551    -51.896864    -51.894144    -51.892123    -51.878305    -51.896864    -51.850258
    137.00    -52.031458    -51.948551    -51.901916    -51.899491    -51.898756    -51.883946    -51.901916    -51.850393
    137.50    -52.032584    -51.952508    -51.903962    -51.902308    -51.901977    -51.886653    -51.903962    -51.850493
    138.00    -52.029511    -51.952007    -51.901623    -51.901366    -51.900227    -51.885050    -51.901623    -51.850517
    138.50    -52.021950    -51.946724    -51.895569    -51.894650    -51.893878    -51.878811    -51.895569    -51.850838
    139.00    -52.010755    -51.937587    -51.885918    -51.883933    -51.883860    -51.868829    -51.885918    -51.850699
    139.50    -51.998495    -51.927091    -51.874944    -51.872629    -51.872004    -51.857561    -51.874944    -51.850485
    140.00    -51.988430    -51.918496    -51.865944    -51.863445    -51.862159    -51.848341    -51.865944    -51.850298
    140.50    -51.983320    -51.914598    -51.861716    -51.859070    -51.857159    -51.843856    -51.861716    -51.850230
    141.00    -51.984242    -51.916403    -51.863337    -51.860544    -51.858119    -51.845256    -51.863337    -51.850303
    141.50    -51.990034    -51.922746    -51.869643    -51.866740    -51.863910    -51.851342    -51.869643    -51.850483
    142.00    -51.997826    -51.930758    -51.877766    -51.874752    -51.871592    -51.859318    -51.877766    -51.850701
    142.50    -52.004448    -51.937344    -51.884461    -51.881448    -51.878141    -51.865976    -51.884461    -51.850825
    143.00    -52.007845    -51.940336    -51.887638    -51.884772    -51.881427    -51.869300    -51.887638    -51.850811
    143.50    -52.007704    -51.939497    -51.887019    -51.884447    -51.881139    -51.869012    -51.887019    -51.850735
    144.00    -52.005168    -51.935969    -51.883712    -51.881580    -51.878456    -51.866219    -51.883712    -51.850610
    144.50    -52.002090    -51.931604    -51.879604    -51.878097    -51.875194    -51.862773    -51.879604    -51.850495
    145.00    -52.000305    -51.928276    -51.876533    -51.875798    -51.873152    -51.860547    -51.876533    -51.850390
    145.50    -52.001129    -51.927299    -51.875997    -51.875924    -51.873682    -51.860820    -51.875997    -51.849958
    146.00    -52.005418    -51.929568    -51.879736    -51.878376    -51.877494    -51.864595    -51.864595    -51.849983
    146.50    -52.011424    -51.933993    -51.885447    -51.883059    -51.882801    -51.870307    -51.870307    -51.850049
    147.00    -52.020269    -51.941148    -51.894072    -51.891316    -51.889846    -51.878932    -51.878932    -51.850126
    147.50    -52.030203    -51.949355    -51.903896    -51.900515    -51.897722    -51.888792    -51.888792    -51.850279
    148.00    -52.039003    -51.956427    -51.912732    -51.908432    -51.904316    -51.897591    -51.897591    -51.850420
    148.50    -52.044418    -51.960151    -51.918257    -51.912818    -51.907490    -51.903117    -51.903117    -51.850554
    149.00    -52.044801    -51.958955    -51.918861    -51.912062    -51.905558    -51.903684    -51.903684    -51.850610
    149.50    -52.039782    -51.952428    -51.914136    -51.905794    -51.898885    -51.898297    -51.898885    -51.851131
    150.00    -52.030731    -51.942018    -51.905379    -51.895456    -51.890018    -51.887114    -51.887114    -51.850952
    150.50    -52.021271    -51.931345    -51.896139    -51.884747    -51.880668    -51.875817    -51.875817    -51.850713
    151.00    -52.014848    -51.923783    -51.889790    -51.877075    -51.874208    -51.867887    -51.867887    -51.850584
    151.50    -52.013902    -51.921771    -51.888734    -51.874990    -51.873042    -51.865692    -51.865692    -51.850558
    152.00    -52.018469    -51.925383    -51.893044    -51.878491    -51.877205    -51.869340    -51.869340    -51.850712
    152.50    -52.026166    -51.932235    -51.900337    -51.885233    -51.884387    -51.876413    -51.876413    -51.850944
    153.00    -52.033499    -51.938833    -51.907155    -51.891830    -51.891059    -51.883378    -51.883378    -51.851129
    153.50    -52.037620    -51.942365    -51.910651    -51.895400    -51.894481    -51.887352    -51.887352    -51.851182
    154.00    -52.037432    -51.941810    -51.909765    -51.894918    -51.893522    -51.887238    -51.887238    -51.851110
    154.50    -52.033631    -51.937825    -51.905266    -51.891080    -51.888986    -51.883767    -51.883767    -51.850986
    155.00    -52.028013    -51.932281    -51.898986    -51.885720    -51.882707    -51.878738    -51.878738    -51.850836
    155.50    -52.022655    -51.927217    -51.892967    -51.880876    -51.876724    -51.874298    -51.874298    -51.850742
    156.00    -52.019274    -51.924424    -51.888998    -51.878304    -51.872828    -51.872130    -51.872130    -51.850655
    156.50    -52.018885    -51.924844    -51.888131    -51.878981    -51.873321    -51.872035    -51.873321    -51.850364
    157.00    -52.021682    -51.928780    -51.890597    -51.883027    -51.878066    -51.874648    -51.878066    -51.850409
    157.50    -52.026947    -51.935404    -51.895641    -51.889688    -51.885646    -51.879802    -51.885646    -51.850526
    158.00    -52.033263    -51.943264    -51.901811    -51.897474    -51.894571    -51.886156    -51.894571    -51.850661
    158.50    -52.038719    -51.950411    -51.907230    -51.904474    -51.902857    -51.891685    -51.902857    -51.850772
    159.00    -52.041281    -51.954737    -51.909792    -51.908543    -51.908469    -51.894394    -51.908469    -51.850892
    159.50    -52.039324    -51.954580    -51.909673    -51.908019    -51.907945    -51.892584    -51.907945    -51.850712
    160.00    -52.032590    -51.949683    -51.905915    -51.902497    -51.901468    -51.886180    -51.901468    -51.850656
    160.50    -52.021995    -51.940852    -51.897966    -51.892931    -51.891314    -51.876063    -51.891314    -51.850530
    161.00    -52.009882    -51.930393    -51.888094    -51.881590    -51.879752    -51.864575    -51.879752    -51.850317
    161.50    -51.999473    -51.921601    -51.879523    -51.871696    -51.870042    -51.854865    -51.870042    -51.850147
    162.00    -51.993762    -51.917213    -51.875172    -51.866279    -51.865103    -51.849999    -51.865103    -51.850052
    162.50    -51.994205    -51.918833    -51.876534    -51.866795    -51.866391    -51.851324    -51.866391    -51.850099
    163.00    -51.999946    -51.925528    -51.882715    -51.873050    -51.872426    -51.858093    -51.873050    -51.850225
    163.50    -52.008178    -51.934459    -51.890911    -51.882201    -51.880327    -51.867354    -51.882201    -51.850429
    164.00    -52.015440    -51.942199    -51.897658    -51.890456    -51.887075    -51.875719    -51.890456    -51.850579
    164.50    -52.019354    -51.946370    -51.900507    -51.895399    -51.890364    -51.880809    -51.895399    -51.850596
    165.00    -52.019293    -51.946346    -51.898903    -51.896440    -51.889532    -51.882035    -51.896440    -51.850542
    165.50    -52.016168    -51.943037    -51.894418    -51.893830    -51.885525    -51.880196    -51.893830    -51.851402
    166.00    -52.011495    -51.937996    -51.890773    -51.887098    -51.879932    -51.876698    -51.890773    -51.851262
    166.50    -52.007021    -51.932971    -51.887328    -51.880309    -51.874466    -51.873364    -51.887328    -51.851181
    167.00    -52.004466    -51.929718    -51.885766    -51.875292    -51.871911    -51.870882    -51.885766    -51.851127
    167.50    -52.004623    -51.929029    -51.886878    -51.873060    -51.872913    -51.869936    -51.886878    -51.851128
    168.00    -52.007480    -51.930895    -51.890618    -51.876800    -51.873272    -51.871692    -51.890618    -51.851172
    168.50    -52.012270    -51.934582    -51.896179    -51.882288    -51.875673    -51.875379    -51.896179    -51.851243
    169.00    -52.017604    -51.938703    -51.902174    -51.888136    -51.879647    -51.878838    -51.902174    -51.851354
    169.50    -52.021749    -51.941599    -51.906834    -51.892612    -51.882763    -51.881036    -51.906834    -51.851470
    170.00    -52.023044    -51.941608    -51.908460    -51.894018    -51.883140    -51.880714    -51.908460    -51.851548
    170.50    -52.020423    -51.937664    -51.905986    -51.891286    -51.879710    -51.878755    -51.905986    -51.851576
    171.00    -52.013908    -51.929825    -51.899397    -51.884403    -51.872680    -51.872496    -51.899397    -51.851518
    171.50    -52.004864    -51.919458    -51.890022    -51.874771    -51.863746    -51.862938    -51.890022    -51.851359
    172.00    -51.995803    -51.909038    -51.880410    -51.864865    -51.854502    -51.853510    -51.880410    -51.851180
    172.50    -51.989699    -51.901647    -51.873534    -51.857695    -51.847773    -51.847185    -51.873534    -51.851043
    173.00    -51.988897    -51.899596    -51.871703    -51.855607    -51.846346    -51.845942    -51.871703    -51.850972
    173.50    -51.993986    -51.903473    -51.875617    -51.859226    -51.851546    -51.849561    -51.875617    -51.851078
    174.00    -52.003297    -51.911681    -51.883641    -51.866957    -51.861187    -51.857145    -51.883641    -51.851313
    174.50    -52.013536    -51.921001    -51.892484    -51.875542    -51.871904    -51.867752    -51.892484    -51.851516
    175.00    -52.021344    -51.928074    -51.898858    -51.881696    -51.880373    -51.876074    -51.898858    -51.851599
    175.50    -52.024746    -51.930961    -51.900937    -51.884657    -51.883555    -51.880064    -51.900937    -51.851612
    176.00    -52.023671    -51.929666    -51.898649    -51.884611    -51.881120    -51.879723    -51.898649    -51.851522
    176.50    -52.019535    -51.925640    -51.893448    -51.881688    -51.876470    -51.875845    -51.893448    -51.851369
    177.00    -52.014399    -51.920946    -51.887467    -51.877876    -51.872400    -51.869864    -51.887467    -51.851231
    177.50    -52.010216    -51.917497    -51.882696    -51.875125    -51.869466    -51.865129    -51.882696    -51.851146
    178.00    -52.008343    -51.916727    -51.880492    -51.874760    -51.869100    -51.863037    -51.880492    -51.851114
    178.50    -52.009325    -51.919069    -51.881401    -51.877285    -51.871809    -51.864092    -51.881401    -51.851137
    179.00    -52.012854    -51.924215    -51.885077    -51.882284    -51.877249    -51.867988    -51.885077    -51.851187
    179.50    -52.017873    -51.931035    -51.890500    -51.888700    -51.884290    -51.873632    -51.890500    -51.851306
    180.00    -52.022827    -51.937900    -51.896042    -51.894976    -51.891301    -51.879395    -51.896042    -51.851429
    180.50    -52.026037    -51.943131    -51.899987    -51.899325    -51.896569    -51.883597    -51.899987    -51.851523
    181.00    -52.026173    -51.945287    -51.900968    -51.900453    -51.898616    -51.884835    -51.900968    -51.851561
    181.50    -52.022679    -51.943742    -51.898393    -51.897732    -51.896886    -51.882517    -51.898393    -51.851529
    182.00    -52.015993    -51.938966    -51.892699    -51.891670    -51.891670    -51.877007    -51.892699    -51.851466
    182.50    -52.007461    -51.932235    -51.885159    -51.884351    -51.883579    -51.869651    -51.885159    -51.851353
    183.00    -51.999030    -51.925384    -51.877721    -51.876802    -51.875369    -51.862359    -51.877721    -51.851243
    183.50    -51.992799    -51.920549    -51.872408    -51.871195    -51.869211    -51.857194    -51.872408    -51.851127
    184.00    -51.990384    -51.919311    -51.870876    -51.869148    -51.866686    -51.855772    -51.870876    -51.851115
    184.50    -51.992154    -51.922073    -51.873417    -51.871029    -51.868199    -51.858460    -51.873417    -51.851177
    185.00    -51.996814    -51.927469    -51.878776    -51.875578    -51.872492    -51.863929    -51.878776    -51.851327
    185.50    -52.001908    -51.933077    -51.884494    -51.880305    -51.877108    -51.869795    -51.884494    -51.851484
    186.00    -52.005071    -51.936497    -51.888172    -51.882806    -51.879756    -51.873619    -51.888172    -51.851534
    186.50    -52.005161    -51.936586    -51.888702    -51.881940    -51.879258    -51.874296    -51.888702    -51.851494
    187.00    -52.002561    -51.933766    -51.886470    -51.878091    -51.876033    -51.872211    -51.886470    -51.851392
    187.50    -51.998720    -51.929447    -51.882923    -51.872780    -51.871530    -51.868811    -51.882923    -51.851278
    188.00    -51.995404    -51.925396    -51.879827    -51.867773    -51.867516    -51.865862    -51.879827    -51.851189
    188.50    -51.994069    -51.923106    -51.878602    -51.865483    -51.864748    -51.864601    -51.878602    -51.851114
    189.00    -51.995502    -51.923363    -51.880110    -51.866255    -51.866071    -51.864124    -51.880110    -51.851139
    189.50    -51.999693    -51.926158    -51.884263    -51.870409    -51.869454    -51.866367    -51.884263    -51.851192
    190.00    -52.005872    -51.930756    -51.890295    -51.876367    -51.874750    -51.870634    -51.890295    -51.851270
    190.50    -52.012698    -51.935855    -51.896864    -51.882826    -51.880658    -51.875660    -51.896864    -51.851362
    191.00    -52.018581    -51.939864    -51.902416    -51.888158    -51.885512    -51.879889    -51.888158    -51.851484
    191.50    -52.022002    -51.941668    -51.905433    -51.890954    -51.888051    -51.882061    -51.890954    -51.851522
    192.00    -52.023541    -51.941517    -51.906495    -51.891758    -51.888708    -51.882534    -51.891758    -51.851532
    192.50    -52.022957    -51.939279    -51.905322    -51.890365    -51.887242    -51.881031    -51.890365    -51.851541
    193.00    -52.020471    -51.935213    -51.902175    -51.886961    -51.883911    -51.877774    -51.886961    -51.851504
    193.50    -52.016690    -51.929925    -51.897659    -51.882187    -51.879357    -51.873404    -51.882187    -51.851438
    194.00    -52.012591    -51.924392    -51.892714    -51.877059    -51.874560    -51.868864    -51.877059    -51.851359
    194.50    -52.009503    -51.920055    -51.888781    -51.872906    -51.870848    -51.865519    -51.872906    -51.851262
    195.00    -52.008787    -51.918237    -51.887184    -51.871161    -51.869618    -51.864693    -51.871161    -51.851242
    195.50    -52.011127    -51.919695    -51.888642    -51.872472    -51.871590    -51.867106    -51.872472    -51.851269
    196.00    -52.015916    -51.923822    -51.892585    -51.876305    -51.876195    -51.872153    -51.876305    -51.851367
    196.50    -52.021398    -51.928937    -51.897332    -51.881641    -51.880979    -51.878076    -51.881641    -51.851733
    197.00    -52.025782    -51.933100    -51.900871    -51.886208    -51.884480    -51.883084    -51.886208    -51.851800
    197.50    -52.027727    -51.935008    -51.902007    -51.888594    -51.885874    -51.885580    -51.888594    -51.851814
    198.00    -52.027087    -51.934589    -51.900559    -51.888616    -51.886301    -51.884096    -51.888616    -51.851768
    198.50    -52.024671    -51.932614    -51.897372    -51.887045    -51.885244    -51.880982    -51.887045    -51.851681
    199.00    -52.021685    -51.930326    -51.893724    -51.885088    -51.883875    -51.877371    -51.885088    -51.851616
    199.50    -52.019211    -51.928771    -51.890662    -51.883753    -51.883349    -51.874418    -51.883753    -51.851560
    200.00    -52.017886    -51.928585    -51.888896    -51.884265    -51.883677    -51.872763    -51.883677    -51.851604
    200.50    -52.017775    -51.929760    -51.888454    -51.886616    -51.884852    -51.872468    -51.884852    -51.851641
    201.00    -52.018514    -51.931970    -51.890002    -51.888973    -51.886841    -51.873171    -51.886841    -51.851672
    201.50    -52.019412    -51.934411    -51.893582    -51.889760    -51.888952    -51.874105    -51.888952    -51.851726
    202.00    -52.019750    -51.936292    -51.896566    -51.890392    -51.890098    -51.874590    -51.890098    -51.851937
    202.50    -52.019249    -51.937482    -51.898491    -51.890847    -51.889818    -51.874457    -51.889818    -51.851946
