 C     6.0        -1.33996599224696        -2.34628323985377         0.06575535101455   12.00000000
 C     6.0         1.63335781217213        -2.40508660301987         0.04388994384200   12.00000000
 C     6.0        -1.47663992641035         2.37080086023180         0.09791709176267   12.00000000
 C     6.0         1.47691501020025         2.33554655258067         0.07428246706743   12.00000000
 C     6.0        -2.61967533075504         0.03733906577084        -0.01597374518251   12.00000000
 C     6.0         3.00461232814927        -0.03668833806242        -0.06620349842413   12.00000000
 C     6.0        -1.44186611656488        -7.05225650480473        -0.07981189869639   12.00000000
 C     6.0         1.48261617082190        -6.95716323888147         0.13433471793448   12.00000000
 C     6.0        -1.52465277580500         6.98566118035743         0.06334790238813   12.00000000
 C     6.0         1.37920439874260         7.05304211005009         0.07324545710695   12.00000000
 C     6.0        -2.82382347161986        -4.57701201156232         0.03261771162410   12.00000000
 C     6.0         2.91068490268762        -4.66702384547584         0.06055075122734   12.00000000
 C     6.0        -2.83231630961889         4.70602690258609         0.07592352300630   12.00000000
 C     6.0         2.89035145588169         4.67242120458189         0.15671243896442   12.00000000
 C     6.0        -2.82490923230687        -9.51117565717897        -0.36939788163728   12.00000000
 C     6.0         2.90423987193607        -9.53427797018791         0.29487599445059   12.00000000
 C     6.0        -2.73224418315402         9.47887466366809         0.07673639676053   12.00000000
 C     6.0         2.73247274385555         9.49296581532419        -0.17368790736027   12.00000000
 C     6.0        -1.42420361229992       -11.81961312741216        -0.09971670379927   12.00000000
 C     6.0         1.47372712895024       -11.85611653914916         0.09411894402835   12.00000000
 C     6.0        -1.34908212901869        11.89537781506342         0.13150599471867   12.00000000
 C     6.0         1.34097683535904        11.86014590938987        -0.11733754482822   12.00000000
 H     1.0        -4.43641489879625        -0.17718659153968        -0.06861499407883    1.00782504
 H     1.0         4.88732212356914        -0.12463690875063         0.21382464183944    1.00782504
 H     1.0        -4.89676389099264        -4.34363908568819         0.25613813535584    1.00782504
 H     1.0         4.78878398528796        -4.93028652071314        -0.00558474891086    1.00782504
 H     1.0        -4.86227511285029         4.54876955791484        -0.00826553571261    1.00782504
 H     1.0         4.90760062447134         4.39798202020384         0.27123427887556    1.00782504
 H     1.0        -4.90260085634435        -9.29276984317349        -0.45330221467936    1.00782504
 H     1.0         4.83770117042265        -9.03874141638920         0.62691567783999    1.00782504
 H     1.0        -4.77674413554822         9.23236193671698         0.36746551936477    1.00782504
 H     1.0         4.83549580904501         9.26283352179333         0.00916488270834    1.00782504
 H     1.0        -2.34516055046490       -13.34270285728759        -0.07448714333223    1.00782504
 H     1.0         2.54462015255800       -13.45673043248695         0.62922114883621    1.00782504
 H     1.0        -2.41470551579519        13.68169895439386         0.27372810382779    1.00782504
 H     1.0         2.53067925558147        13.82804314341573        -0.09315572446119    1.00782504
