  -2.5547793075537847E-004  -6.8126360720331420E-004   6.7560355181413737E-005
   3.0218533644617063E-004   4.4452521053099279E-004   2.6529189863365389E-004
  -3.7648132621614282E-004  -7.9429952873941308E-004  -1.2396551063249196E-004
   1.8882531989199456E-004   2.4591348268285365E-004   8.2966844863112770E-005
   1.1958169074760840E-004   9.9464651372136684E-005  -3.5654662139453545E-004
   6.4733944133477778E-004  -2.2694312631465010E-005  -1.9483322054366976E-005
  -7.1151256171344239E-005   7.1794592970229692E-004   3.0447797077097856E-005
   2.9756646141778574E-004  -5.2814370761747461E-004  -1.8709372386375772E-004
  -3.2507257624044689E-005   4.7723363233004410E-004   4.0233092004092539E-004
  -5.8782620608359708E-004   2.0161279645272280E-004  -1.8349859221279460E-004
  -4.9884539459220595E-004   7.5921513036423112E-005   1.0804385415980358E-004
   2.1748409479388557E-004  -9.2179606358634933E-005   2.1729403364991107E-004
  -2.0538617278114798E-004   6.4211206354989096E-004   3.4921703362421818E-004
   3.1141749715802176E-004  -1.7143277582896382E-004   1.8427794720904701E-004
  -5.0316381220087420E-004  -2.0436498750124214E-004  -8.6772562593722953E-005
  -1.9853975745269555E-004  -5.4342909464093724E-004   4.0075569195404187E-005
  -2.4285026762417886E-005   4.2301749053999071E-005  -4.7244162134276786E-005
  -3.6889025200356984E-005   5.2178801103167126E-004  -5.3399728675648149E-005
   1.6541959963119120E-004  -4.3310747545698461E-004  -2.5697219574892207E-004
   1.9208487554799596E-005   3.7286700652889166E-004   1.5358921314315851E-004
  -2.7209884390732753E-005   3.5355165025426195E-005   4.8867158919197601E-004
   3.8649494094958694E-004   3.4906259928723971E-004  -4.8398900226002988E-004
  -3.0191269827274420E-004   2.2336561704096200E-004   1.0087273630924080E-003
  -3.4198742036882013E-004  -7.8999581651708413E-005  -2.3052702788834968E-004
  -1.7385319249466312E-003  -8.8005416447319799E-004   1.6547951837152508E-003
   2.5708878539452257E-003  -5.6018041792351119E-004   1.7542823865601437E-003
   1.0895669270460288E-003  -8.6485905611052621E-004  -1.5130985978677786E-003
  -3.2755952319567190E-004   3.1670491278867918E-004  -2.2676819736276770E-004
  -1.5470983109026721E-003  -6.5806578270551910E-004  -3.2702022855151340E-004
   4.2582869155866855E-003   1.1067336157577436E-005   1.8999436731290393E-005
  -2.2497855700415718E-004  -3.9116649982401098E-004   7.9736087828171688E-004
   1.6435457676464444E-003  -2.1951499371554366E-003   1.2504981443604791E-003
  -1.6412339398540622E-004  -1.2256203405415999E-003   1.2518632764678865E-003
  -6.5155979264367315E-004   7.2962573646861685E-005  -5.4528275827526574E-005
  -1.6687970394710532E-003  -2.4042096914950262E-003  -5.2353986759047109E-004
   6.3575577419663605E-004   3.2762460846316155E-003   5.5646858347108351E-005
