 C     6.0        -1.38845425329946        -2.51291843566061        -0.05829105824022   12.00000000
 C     6.0         1.35949540174552        -2.31710943789586        -0.05408220458770   12.00000000
 C     6.0        -1.38430953298618         2.24162810048368         0.19983693661543   12.00000000
 C     6.0         1.43502312858780         2.33131922073116         0.00263850220014   12.00000000
 C     6.0        -2.68081696383558         0.02863422227128         0.02495216697174   12.00000000
 C     6.0         2.67762780292336         0.01608963783653         0.01712630107842   12.00000000
 C     6.0        -1.35335945542651        -7.04565517590629         0.08803967940117   12.00000000
 C     6.0         1.34542437009379        -6.94718995227591        -0.15686751668641   12.00000000
 C     6.0        -1.28683203517867         7.05561020563056        -0.13703097957527   12.00000000
 C     6.0         1.45100761907023         7.13193876141800        -0.03301368633730   12.00000000
 C     6.0        -2.57835681439907        -4.78440289999307         0.03850402942832   12.00000000
 C     6.0         2.78960758000177        -4.81578979280119        -0.24841650523572   12.00000000
 C     6.0        -2.74176202254767         4.79071144156099         0.04806012619000   12.00000000
 C     6.0         2.55969402122193         4.68848315064473         0.04026777047102   12.00000000
 C     6.0        -2.78661878545858        -9.33790291115764        -0.04092353974567   12.00000000
 C     6.0         2.68042936994279        -9.51973219466623         0.03473648503977   12.00000000
 C     6.0        -2.49704868611011         9.44853579009689        -0.01937982518388   12.00000000
 C     6.0         2.54322541895287         9.57047586949531        -0.05412941239833   12.00000000
 C     6.0        -1.28264134205277       -11.71130412182624        -0.05216343677215   12.00000000
 C     6.0         1.41136819595196       -11.71663634904903         0.07199861222147   12.00000000
 C     6.0        -1.29355609983963        11.61508035872662         0.01686805442537   12.00000000
 C     6.0         1.34626065608468        11.73014572527675         0.05928333210303   12.00000000
 H     1.0        -4.59861784062746         0.18050529156976        -0.00441106940494    1.00782504
 H     1.0         4.89561905354671         0.18731913449543         0.64623478633986    1.00782504
 H     1.0        -4.53342688540816        -4.50915157133142         0.18416743712222    1.00782504
 H     1.0         4.78675111671577        -4.93986984142781        -0.90661614720119    1.00782504
 H     1.0        -4.70281489723677         4.88879800109363         0.05059563294348    1.00782504
 H     1.0         4.59105533489892         4.45533108969240        -0.22175477192282    1.00782504
 H     1.0        -5.03781187844689        -9.51585171901278        -0.09565402047413    1.00782504
 H     1.0         4.67275601788599        -9.58568276804536         0.35505730060922    1.00782504
 H     1.0        -4.60302846967249         9.57915942868347        -0.04762413840650    1.00782504
 H     1.0         4.58997076660443         9.41226243783198         0.15617290397779    1.00782504
 H     1.0        -2.64537689288886       -13.35635303207115         0.04285770759923    1.00782504
 H     1.0         2.57442382746722       -13.32544657626031         0.28156548570102    1.00782504
 H     1.0        -2.65581546443493        13.12785852879817        -0.28481663007629    1.00782504
 H     1.0         2.88301819847530        13.29918866111993        -0.31466665087366    1.00782504
