  -2.7720896895154588E-004  -1.9165617079081317E-004   1.4978514060980143E-004
   4.2882419694936655E-004  -4.1557068827656392E-004  -1.4856578130250400E-004
  -7.8092341045324750E-005   9.4626474302624979E-005  -2.3406568566288835E-004
  -4.8666705301826882E-005   1.6071759302109797E-005   2.3580542744940642E-004
   5.6311725638773905E-005  -4.7213986074483473E-004  -3.4407886358967276E-006
   3.0236650106054910E-004   7.0757388653220688E-004   2.6476026981393276E-004
   5.7072059292360808E-005  -5.8486514398583807E-004   2.4053462907828882E-004
  -2.9185414543457587E-004  -1.6395347828550970E-005   1.8648321839986957E-004
  -3.8241992588713169E-005   6.5964301734643951E-005  -3.8799087524788218E-005
  -9.7286644086393083E-005   2.0442880519044984E-004  -1.5940665760005057E-004
   6.2074644659666821E-004  -6.9162346636499159E-004  -4.9584747220483505E-005
  -6.0011278354305717E-006  -1.4687850720223968E-004  -9.7681116083864027E-005
   2.0443427726741395E-004   6.0114826544273699E-005  -5.6109893033051216E-005
   4.4847233593207995E-004  -3.8792823592850308E-004  -5.7421081275258460E-005
   1.1820564045790356E-004   1.8085064897565135E-004  -2.0029370477139718E-004
  -5.0062342353639883E-004   1.4757221813486480E-004  -4.4872311127231402E-006
  -3.2187411497692874E-004  -2.7566311749351303E-005  -3.0476676141016613E-004
  -3.5894528314983290E-004  -3.5524331745307011E-004   2.3745518052947556E-004
   5.2193340824573358E-004   3.1777776042197175E-004   2.1614951257105017E-004
  -3.0729231700930810E-004   1.0555699451461743E-004  -1.0048492918870219E-004
   2.6119621592036904E-004   6.6212551450652154E-004  -8.3219897020437873E-005
  -1.0135549588990457E-004   1.0369421834324168E-004   3.4541441025109346E-004
  -1.2445000990702550E-003   2.6041100600067324E-003   4.3557919669278159E-004
   1.1839571745570079E-004   1.9753250613149149E-003   1.6707505928592178E-004
  -1.0438004190129182E-003   3.4926923281104307E-003   1.1555854339967712E-004
  -5.5168816019214042E-004   2.6773052752671073E-003  -9.4369068351958746E-004
   7.3473697129398594E-004   1.7972433306220144E-004   2.2369715730728582E-003
  -2.0926081933086058E-003   6.3884596692867144E-004   4.1504962431934011E-004
  -2.8460894760938163E-003   9.9385744066540749E-004   3.6288653632540345E-004
   1.3397673596070095E-003  -5.0820845313324058E-004  -1.1725759566898761E-003
   3.0669129180702125E-003   1.1112247660963635E-003   1.8342074665792004E-003
   3.0100511528258840E-003   1.5727961825814088E-003  -2.9354643019068114E-004
  -1.2377185541191387E-003  -1.3489948955885389E-003  -3.3796792874197493E-004
  -2.5935038324861388E-004   3.6574357840428462E-004  -3.3714930396672779E-004
  -8.5862269491289347E-004   4.6695235834729018E-004  -2.3160541576625264E-003
  -3.8500036729800804E-003  -3.9722822061808561E-004  -9.2382436575514770E-004
