 C     6.0        -1.31738562193492        -2.32248870187020         0.21077212443478   12.00000000
 C     6.0         1.63850709290575        -2.32113670092700         0.09763603648701   12.00000000
 C     6.0        -1.51263450071599         2.38348024840993         0.10763539201468   12.00000000
 C     6.0         1.48029718686498         2.34198770417134         0.09716182009357   12.00000000
 C     6.0        -2.80076351086166         0.16025794482251         0.18377082198255   12.00000000
 C     6.0         2.78441690989381        -0.04596879710845        -0.05655562443351   12.00000000
 C     6.0        -1.40844800574241        -7.04544531934949        -0.05216958805453   12.00000000
 C     6.0         1.51006113224472        -7.06168825014637         0.14479515545879   12.00000000
 C     6.0        -1.33431016827022         6.98308070319842        -0.00623780345045   12.00000000
 C     6.0         1.59514656311187         7.04605032490567         0.02441804601851   12.00000000
 C     6.0        -2.68664560573370        -4.67847911246962        -0.19828526473446   12.00000000
 C     6.0         2.88222036872463        -4.80841861786422         0.10914449139326   12.00000000
 C     6.0        -2.84469483858014         4.78354872136747        -0.03362645312131   12.00000000
 C     6.0         2.93809056074181         4.73218982997311        -0.14416953319332   12.00000000
 C     6.0        -2.79657130386957        -9.43653758400264         0.15650754527460   12.00000000
 C     6.0         2.79191918204691        -9.45577609550726        -0.09577056893708   12.00000000
 C     6.0        -2.77485574859393         9.41235594923975         0.05364357015016   12.00000000
 C     6.0         2.94971932176473         9.52519577918045         0.06791107627938   12.00000000
 C     6.0        -1.39315142650880       -11.70371825200703         0.14881204326816   12.00000000
 C     6.0         1.41151087046891       -11.78450414540693        -0.07165938587993   12.00000000
 C     6.0        -1.45568130732465        11.72768415186535        -0.03707783095487   12.00000000
 C     6.0         1.39245196347572        11.76930761947267        -0.02952085679268   12.00000000
 H     1.0        -4.99137205544896         0.19364427675137         0.27219515634439    1.00782504
 H     1.0         4.81452576115733        -0.10447951838383         0.14658940897278    1.00782504
 H     1.0        -4.61515681450743        -4.71048295613839        -0.85688360834294    1.00782504
 H     1.0         4.93960118328359        -4.68946962561557        -0.37718598337072    1.00782504
 H     1.0        -4.87764709329233         5.00526141246064         0.45764824068095    1.00782504
 H     1.0         4.89936160032730         4.82149467090128        -0.06750554947081    1.00782504
 H     1.0        -4.99941260546547        -9.38616981441484         0.19677948924706    1.00782504
 H     1.0         4.77298148046887        -9.99835328933200         0.40850998633565    1.00782504
 H     1.0        -4.92267950070767         9.28029104264784         0.18088552002251    1.00782504
 H     1.0         4.91317072510048         9.63276816554948        -0.44980413307555    1.00782504
 H     1.0        -2.52693359468712       -13.44266045402977         0.00267024794021    1.00782504
 H     1.0         2.24028949688472       -13.49857108464875        -0.77496019500100    1.00782504
 H     1.0        -2.27709748586158        13.64100811914526        -0.21113204214965    1.00782504
 H     1.0         2.44440777536173        13.83694728309057        -0.06946000683376    1.00782504
