  -5.2401445041909455E-004  -3.6183663810167662E-004   1.7050506314245277E-004
  -1.8051504715987097E-004   2.9053188513759160E-004   1.9090980776119787E-004
   1.5035427460165994E-004   3.2069961925754983E-004   6.0298743311616425E-005
  -8.0589711293353614E-005  -1.6745513573565552E-004   7.6004546758641766E-005
   8.5026401520623128E-005   6.7130282479246309E-005   7.7291255210708323E-005
   4.2387933998294891E-004  -2.3129654951108456E-004  -1.8963718447790611E-004
   8.1030890127673123E-005   2.9475013020916629E-004   5.0091236809523415E-004
   1.9278706137118917E-004   1.2070939374288792E-004  -3.4904432894296218E-004
   3.7247521142775317E-004  -1.5790741744469780E-005  -1.8858463670981239E-004
   7.9945507118172384E-004  -1.7180948998499963E-004  -5.8849996915895204E-005
   1.7493818323103524E-004   5.0289404549852187E-004  -1.2206861240933358E-004
   9.7012942971263572E-004  -5.2676109207017000E-004   1.7726473706608085E-005
  -8.7901241527371871E-004   4.4438367050937525E-004   1.1125569578800432E-004
  -4.3500257682312402E-004   3.1054447392633746E-004  -4.4491849389952608E-004
  -5.8022496717264564E-004  -7.9175515482116337E-004   1.3991457176504987E-004
   8.6035454865710756E-005   5.3247083908151871E-005  -4.2802822661542310E-004
  -3.7096458384364291E-005   5.7908987603323464E-004  -9.2979900293896662E-005
   2.2515306044645989E-004  -2.1722241269991164E-004   9.2698744744265510E-005
   2.3213564854549466E-004  -4.1424608100939614E-004   5.7865118155731152E-004
  -3.9413059808725596E-004  -9.6671080995896388E-005  -3.7136915504238694E-004
   6.3818117182681579E-006  -5.3937029673600855E-004   2.2511642331200785E-004
  -2.3777864525870558E-004  -2.5538456681931690E-004  -2.4409179415538061E-004
   5.1062591714898773E-004  -2.0600339629675869E-003   2.7374282389714784E-005
   1.8296921431565577E-003   5.5575932045721034E-005   6.0680881105357675E-004
  -8.6225210357398813E-004   1.3037717091675962E-003  -2.3836457958043440E-004
  -1.9747166793367878E-003   5.6065617127517794E-004   5.1712104383191113E-004
   1.2167759192755342E-003  -4.1587003966095598E-004  -8.3034746300240524E-004
   1.0577157959649596E-003   1.6537246077472478E-003   1.2540073398282121E-003
  -2.1842558722414409E-003  -1.9364160012418554E-003  -1.7038191458749036E-003
   2.5506347395239633E-003  -4.7924300538870193E-004   2.8576737139279188E-003
  -2.4229179180529845E-003   1.1573197234810212E-003   2.0685467059109474E-003
  -2.8851954203266636E-004   1.5738802185528030E-003   5.2827601785120526E-004
  -3.2057250652819057E-004   1.2867260583142473E-003  -2.0591818399104620E-004
   4.8901024740740956E-004  -7.4441784162818927E-004  -1.6646311679668004E-004
   1.7192942934184707E-005   3.4658613213742317E-003  -7.6747020312198648E-004
   7.4789461996098937E-004   3.5151425713224327E-003   6.1953968583749693E-004
