 C     6.0        -1.46440989949755        -2.22973594084596        -0.21931529870602   12.00000000
 C     6.0         1.40926290498051        -2.40879503541067        -0.02023862797370   12.00000000
 C     6.0        -1.51969919841588         2.46004117113508         0.06099348928405   12.00000000
 C     6.0         1.44038619789218         2.32132947062732         0.14239579076782   12.00000000
 C     6.0        -2.90334512153911         0.08487953557470        -0.00129153259911   12.00000000
 C     6.0         2.92806672219198        -0.13019527651940        -0.06438825597787   12.00000000
 C     6.0        -1.36303352901255        -7.12300657800897        -0.31481550012135   12.00000000
 C     6.0         1.53522150984258        -7.09853624672041         0.07517478088022   12.00000000
 C     6.0        -1.51832609873085         7.01389969109252        -0.07720465966379   12.00000000
 C     6.0         1.52343987329480         6.96879604772614        -0.14758581820128   12.00000000
 C     6.0        -2.71538985354861        -4.70206782917631        -0.06087048433818   12.00000000
 C     6.0         2.91898265118698        -4.76569592165484         0.10497301703609   12.00000000
 C     6.0        -2.90588131018105         4.77059915966908        -0.08412462724866   12.00000000
 C     6.0         2.83994555275587         4.64671015587878        -0.05846365972171   12.00000000
 C     6.0        -2.75992572492811        -9.59177510663852        -0.04652520441056   12.00000000
 C     6.0         2.83484166673904        -9.48833275202160        -0.11349083801667   12.00000000
 C     6.0        -3.07991723030152         9.61403004234097        -0.10212389915603   12.00000000
 C     6.0         2.87645950392634         9.42860955724893         0.24105052107906   12.00000000
 C     6.0        -1.50681210867232       -11.94362553479367         0.19031419873435   12.00000000
 C     6.0         1.48848618783739       -11.72365897399013         0.01756607196736   12.00000000
 C     6.0        -1.59166177097404        11.73312859841997        -0.20847891864644   12.00000000
 C     6.0         1.36238709335525        11.65014620808955         0.05558906178099   12.00000000
 H     1.0        -5.02038978985735        -0.14601656760741        -0.38660158796186    1.00782504
 H     1.0         5.02363313240590        -0.22951011669951         0.29517692644294    1.00782504
 H     1.0        -5.16624528526508        -4.98771548550896         0.05775750579777    1.00782504
 H     1.0         4.75038648714150        -4.56194044969059        -0.40011004828717    1.00782504
 H     1.0        -5.09941435583691         4.78155824931259         0.26046782612416    1.00782504
 H     1.0         4.75830212827962         4.73715392626816        -0.18106345918512    1.00782504
 H     1.0        -5.00216834627706        -9.64569758540337        -0.10758787136485    1.00782504
 H     1.0         4.73998428688630        -9.28390605903934        -0.00679545201764    1.00782504
 H     1.0        -5.24438507217456         9.60396275051464         0.19530022940253    1.00782504
 H     1.0         4.98536231051937         9.42130033832125         0.28767663725904    1.00782504
 H     1.0        -2.21959081468936       -13.85961540676884         0.44254815492946    1.00782504
 H     1.0         2.65296303253466       -13.54018985665401        -0.06041185371201    1.00782504
 H     1.0        -2.58948718672444        13.48787092940338        -0.36343807609588    1.00782504
 H     1.0         2.47669729311895        13.57248038935737         0.13879608609082    1.00782504
