  -3.0843976638904498E-004   1.3520566800068578E-004  -5.1125398011799946E-005
  -1.7413776982309773E-004   5.3686663684185377E-004   1.2281705857161175E-004
  -6.3778458516192203E-004   6.7522859440335243E-004  -9.7368936230888273E-005
   5.0836260656970657E-005  -6.5290014772140766E-005   2.0334871862832032E-004
   1.1562590340436674E-004   1.0571623870608562E-004   1.4197120784704075E-004
   4.2518766282308255E-004  -9.5587764885431982E-004  -3.5288605056095615E-004
  -8.9114403215595701E-004   3.4823092315082308E-004  -2.2338425204635994E-004
   3.3799360455479541E-004   4.2721441777514427E-004  -1.4232780097656328E-006
  -6.5200656139351401E-005  -5.6106241955523287E-004  -5.2132249219280075E-005
   7.2814107590631036E-005  -9.0605521386209883E-004   3.0765922117482949E-004
   6.6044098426831267E-004  -5.6321135070077049E-004  -1.3434498950456837E-004
   3.1831811294268065E-004  -5.5840614331449721E-004  -2.7940260343991148E-004
   2.4224331119690267E-004   3.5344664057260840E-004  -9.5777459817880442E-005
  -9.0317985007738036E-005   6.2535785222035949E-004  -3.6933544442843694E-005
   1.5467917997841231E-004  -2.3796141226928080E-004  -2.3636111665571746E-006
   3.7797060365221728E-004  -3.4727807369368621E-004   1.9662867320552115E-005
  -1.9344383834324862E-004   4.5788094572583963E-004  -3.6422122231016070E-004
   7.0506611971455735E-006   1.0599990180822117E-004  -4.1863881476994751E-005
  -2.7345869428984645E-004  -7.0202024645415952E-004  -1.2674279550895588E-004
  -1.7555008660265315E-004   8.9124845943589750E-005   2.2856784895258843E-004
  -2.5304440458372358E-005   4.7165206888624597E-004   9.8692997398186418E-005
  -1.6778183670355874E-004  -1.4885398430964316E-004  -2.6297548584913423E-004
  -1.4226395731199366E-003  -9.3607062070676442E-004   5.1706936808366423E-004
   4.6230346563196572E-004   1.9416220095741631E-003  -4.3943528086554508E-004
  -3.6926895333915283E-003  -6.0618237492359269E-005   3.1842328303633072E-004
  -1.2970463324213164E-003   9.5987124512081975E-004   1.5897426036900740E-003
  -1.2091410423974024E-003   8.0924963752820401E-004   1.3555943330222932E-003
  -1.1368108721776114E-004   1.4443941427720066E-004  -1.2512564306671237E-004
  -3.2984669789728810E-003  -4.7908626712667016E-004   6.7007523814137035E-004
   8.9224132185599032E-004  -7.3119930840111994E-004  -4.5083753377447020E-004
  -2.5394227322379070E-003  -6.2941817077648147E-004  -2.4582645607605755E-004
   7.6591407100434078E-004  -9.0360817393100607E-004   1.6365004253705206E-003
   2.3677912698223760E-003  -4.9255734933715579E-004   1.7309446146498229E-003
   1.9513840111107898E-003  -3.1131460026407073E-003  -1.3913684944646967E-003
  -3.8722701974961160E-003   3.2379034438235414E-004   1.4077371400530539E-004
   1.1595712629521478E-003   2.8588254108660206E-003   7.4531629979351780E-004
