 S    16.0   11.20266344   -2.12186676   -0.22244097   31.97207180
 C     6.0   13.57939094    0.05863053   -0.11197897   12.00000000
 C     6.0   12.64053351    2.46728043   -0.07773250   12.00000000
 C     6.0    9.95492286    2.53660394   -0.14153805   12.00000000
 C     6.0    8.86657377    0.15704038   -0.22420295   12.00000000
 C     6.0    6.12061182   -0.46396685   -0.29355735   12.00000000
 S    16.0    3.78460768    1.81489587   -0.28143523   31.97207180
 C     6.0    1.35799651   -0.36658304   -0.35800697   12.00000000
 C     6.0    2.35200043   -2.78822908   -0.39672327   12.00000000
 C     6.0    5.02985368   -2.84230637   -0.36178331   12.00000000
 H     1.0    1.19736952   -4.48921318   -0.44863873    1.00782504
 H     1.0    6.11553118   -4.58903186   -0.38225626    1.00782504
 H     1.0   15.56669580   -0.47367926   -0.07589760    1.00782504
 H     1.0   13.82369401    4.14703163   -0.00817157    1.00782504
 H     1.0    8.87093904    4.28460014   -0.12576309    1.00782504
 C     6.0   -1.35798384    0.36658168   -0.35797991   12.00000000
 C     6.0   -2.35197582    2.78822558   -0.39660848   12.00000000
 C     6.0   -5.02984761    2.84230304   -0.36163814   12.00000000
 C     6.0   -6.12060071    0.46396409   -0.29348074   12.00000000
 S    16.0   -3.78459202   -1.81490090   -0.28145626   31.97207180
 C     6.0   -8.86656162   -0.15704427   -0.22411388   12.00000000
 C     6.0   -9.95490831   -2.53661930   -0.14149731   12.00000000
 C     6.0  -12.64051467   -2.46729088   -0.07766245   12.00000000
 C     6.0  -13.57937302   -0.05864895   -0.11182534   12.00000000
 S    16.0  -11.20265617    2.12186396   -0.22225596   31.97207180
 H     1.0   -1.19735338    4.48921365   -0.44847999    1.00782504
 H     1.0   -6.11552077    4.58903923   -0.38204321    1.00782504
 H     1.0   -8.87091391   -4.28460964   -0.12578934    1.00782504
 H     1.0  -13.82367770   -4.14705534   -0.00812973    1.00782504
 H     1.0  -15.56668731    0.47366004   -0.07570489    1.00782504
