 C     6.0        -1.53759683140885        -2.42221606565132         0.01587940146704   12.00000000
 C     6.0         1.32484982392044        -2.45763221786925         0.04378755409203   12.00000000
 C     6.0        -1.57251932904462         2.42027235401440        -0.20355972581024   12.00000000
 C     6.0         1.29532718384057         2.47389751874088        -0.15728468534210   12.00000000
 C     6.0        -2.80820451513593         0.02636991187304         0.11275688881852   12.00000000
 C     6.0         2.80150937697540        -0.11648779246049        -0.07098544855794   12.00000000
 C     6.0        -1.31308425574878        -7.11593797828439        -0.02887679347060   12.00000000
 C     6.0         1.53823645514124        -7.16706673403609        -0.03619363226093   12.00000000
 C     6.0        -1.42722565405425         7.04688939966813        -0.02996697266267   12.00000000
 C     6.0         1.23830287688113         7.11764377628473         0.07379701953432   12.00000000
 C     6.0        -2.79335903877707        -4.80842027562922        -0.01692049715670   12.00000000
 C     6.0         2.74910991644825        -4.70606781416728        -0.15669284616048   12.00000000
 C     6.0        -2.88148220977012         4.79325668084156        -0.07825427199009   12.00000000
 C     6.0         2.74849625273305         4.72104329322749         0.05336528968574   12.00000000
 C     6.0        -2.81511948074671        -9.58039540365907        -0.27283655481890   12.00000000
 C     6.0         2.94355284333157        -9.45312281781675         0.11853812876077   12.00000000
 C     6.0        -2.79874775467645         9.49800050436653        -0.11259745091979   12.00000000
 C     6.0         2.83498742443336         9.44159106492739        -0.00490409910156   12.00000000
 C     6.0        -1.41132808363542       -11.72711796570123        -0.19164013036115   12.00000000
 C     6.0         1.48484655899183       -11.73064269195599         0.19259473417442   12.00000000
 C     6.0        -1.36721915190228        11.78203137008528         0.11903216772067   12.00000000
 C     6.0         1.45120409633772        11.69861690211364         0.06837029935202   12.00000000
 H     1.0        -4.82199418567154         0.16767506488821        -0.26310161241149    1.00782504
 H     1.0         5.01205734241569        -0.44693497204843        -0.19188211067470    1.00782504
 H     1.0        -4.64472297007416        -4.79696152260199        -0.56158574882068    1.00782504
 H     1.0         4.97330068178031        -4.24929609711540        -0.55377221036843    1.00782504
 H     1.0        -4.98527323126111         4.80324359183346        -0.06059996638651    1.00782504
 H     1.0         4.75697655272718         4.94005954598269        -0.56107536728955    1.00782504
 H     1.0        -5.10190085988118        -9.41608928188461        -0.20959668463182    1.00782504
 H     1.0         5.07737003019673        -9.18851681626067         0.19747802908344    1.00782504
 H     1.0        -4.92431427275153         9.57756178622464        -0.51440301323392    1.00782504
 H     1.0         4.59966390990499         9.08512573330490        -0.23765471415238    1.00782504
 H     1.0        -2.35262829942928       -13.76342148190235         0.07840014572815    1.00782504
 H     1.0         2.60162133466060       -13.35469612577574         0.47384139517172    1.00782504
 H     1.0        -2.25390488772881        13.69480844965245        -0.20344094123311    1.00782504
 H     1.0         2.19320756073596        13.43914940419783         0.00064194940245    1.00782504
