  -7.8200161930667316E-004   7.1489103358117657E-005  -2.6360771802696181E-005
  -6.0641853714858061E-005  -1.1021833422036037E-004   1.6142272193633638E-004
  -8.2391927605260742E-006   4.4136589237929062E-004   2.2896227496042347E-004
  -1.9859395589708466E-004  -4.5834699593877063E-004  -2.6095016924225103E-005
   5.5291371548507445E-005  -2.7004032007948352E-004  -3.4977843538759284E-005
   2.2264510484081732E-005  -3.5303349168447893E-004  -3.7979438176883912E-004
  -8.0068862366365769E-005   3.0444807731162609E-004   8.0585520579924059E-005
   1.1914396984941762E-004  -3.5234241292738441E-004  -2.9352015538645934E-005
   2.2312269122710257E-004   3.5938931900853112E-004   1.2920827479878221E-004
   4.8565103941441881E-004   6.8444328308642059E-004   1.6855617626508341E-004
  -8.1792708682839883E-004  -7.7843491449871747E-004  -7.7418102114516004E-005
   7.6824279584038050E-004   2.8894696522271495E-004   1.3036909620030719E-004
  -9.0081826865189875E-004  -2.6829714900967517E-004  -1.7291116437328155E-004
  -5.6736630279638397E-005  -4.0458497808015223E-004  -1.2711776762503862E-004
  -5.7303977413119093E-006  -4.6676007639486839E-004  -1.2408953863435009E-004
  -1.0188822913010978E-004  -6.7187302546542377E-005  -1.0634368501572326E-004
  -5.3213195210516915E-004   5.3680934010777448E-004  -8.0746510415864741E-005
   9.2561318853616242E-004   9.1452107967927442E-004   1.4581043611298645E-004
  -2.2037027323306224E-004   1.0036185718637971E-004  -4.0083482857131349E-005
  -7.3499516798969730E-005   1.9562351252888003E-004   9.0710729039430147E-005
  -5.2199499599448366E-005   7.3653397592299695E-005  -8.7960951877545635E-005
   3.6962473420919528E-005   3.1171495190133032E-004  -1.9631302204743605E-004
  -6.5371457487054061E-004  -1.2785705874818266E-004   3.9645865847784639E-004
   4.0054654197265466E-003   1.0448308621833823E-003   9.9973905322577267E-004
   2.9634610989639995E-003   2.2739659116516420E-003   1.0883199820667219E-003
  -1.4837976213261230E-003  -2.8202532609283410E-003  -7.5637046869451963E-004
   2.7543472004801098E-003  -1.7562709799523722E-003   1.3893243293895880E-003
   5.6190539539461497E-004   3.7256798125722887E-004   1.1478805643007782E-003
   1.3290775198116845E-003   1.1961550233266555E-003  -6.9487458672677974E-004
   1.7221106526424394E-003   1.9205296220284522E-004   1.7421949959304961E-003
  -1.0481781910340966E-004   6.6685828115572066E-004   5.4353965204023095E-004
  -4.3040137287050128E-003  -2.7047941752627919E-004   1.8948655900004281E-004
   6.8394805831834579E-004   1.7611793542625706E-004  -3.5696178356780394E-004
   2.2685385850333239E-003   9.0577680133297942E-004  -2.1791315751052708E-004
   3.4205328341551890E-004   1.2906493118064830E-003   1.1521051611307082E-003
  -1.3513501443394586E-003  -5.3303768286744749E-003   4.0830452962438418E-004
