 C     6.0        -1.52087150062634        -2.26066782934487         0.29265795054739   12.00000000
 C     6.0         1.33485752961941        -2.32528830551431         0.05623260153754   12.00000000
 C     6.0        -1.49352607895647         2.45484190490812        -0.04798245886350   12.00000000
 C     6.0         1.46483448851043         2.35121605710476         0.14708190468599   12.00000000
 C     6.0        -2.95802835047549         0.11199348342679         0.07680352445849   12.00000000
 C     6.0         2.77802167135145        -0.01190745716819        -0.09990999848559   12.00000000
 C     6.0        -1.47353427601477        -7.01507160912794         0.07544690454441   12.00000000
 C     6.0         1.42699897776681        -6.92842629132803         0.22377201180859   12.00000000
 C     6.0        -1.40273981855224         7.04280594974690         0.05746478771637   12.00000000
 C     6.0         1.48165984639272         6.95644758173641        -0.00266824279650   12.00000000
 C     6.0        -2.86107220929516        -4.64635727955048         0.31013160469275   12.00000000
 C     6.0         2.75786260778547        -4.52224461444929         0.07778809110190   12.00000000
 C     6.0        -2.75560605381841         4.84019740800963         0.06656419852661   12.00000000
 C     6.0         2.81370568738120         4.53777400547830         0.13659799490682   12.00000000
 C     6.0        -2.93111926376321        -9.29309481362444         0.01080696266696   12.00000000
 C     6.0         2.85331817274826        -9.43742459397636        -0.07157626527278   12.00000000
 C     6.0        -2.83274966744643         9.58528826045811         0.13583835305772   12.00000000
 C     6.0         2.74236599504509         9.39819916585926        -0.17574226215832   12.00000000
 C     6.0        -1.49658715747363       -11.70901119306283        -0.15100077083043   12.00000000
 C     6.0         1.34774946610034       -11.64920097146667         0.07628481848887   12.00000000
 C     6.0        -1.46332082491894        11.75440663115061         0.13926640683792   12.00000000
 C     6.0         1.50633358789158        11.81597232233083        -0.02987804075657   12.00000000
 H     1.0        -5.05589942126862        -0.14746051848977        -0.06396320401274    1.00782504
 H     1.0         4.81394365129519        -0.09823665533160         0.14458085998746    1.00782504
 H     1.0        -4.64449947629630        -4.46375142194294         0.49276372014473    1.00782504
 H     1.0         4.98029519989525        -4.55199379754624         0.51562141453212    1.00782504
 H     1.0        -4.80393760065560         4.78543988075659         0.58269395827443    1.00782504
 H     1.0         4.85102534974781         4.38670344189818        -0.27210478436719    1.00782504
 H     1.0        -4.88609578645946        -9.35351931506253         0.17136225714289    1.00782504
 H     1.0         5.04919583543003        -9.61437769401290         0.18033358484475    1.00782504
 H     1.0        -5.09991164087146         9.07480153653907         0.26023832775595    1.00782504
 H     1.0         4.86925511457168         9.46768867558031        -0.10827633971826    1.00782504
 H     1.0        -2.44751656724051       -13.63171007046332        -0.22666763238973    1.00782504
 H     1.0         2.19562151254965       -13.40376016857007        -0.39304050481267    1.00782504
 H     1.0        -2.14619961749259        13.81094857431780         0.45584981671565    1.00782504
 H     1.0         2.71081665298627        13.50554832387668        -0.12537605265978    1.00782504
