  -2.4233426130103487E-004  -3.8543287247072149E-004   2.0665688038446441E-005
  -2.0574029038673879E-004  -1.7067980357600047E-004   3.6290429099128998E-004
   5.4834150619680749E-004  -3.7102436715413778E-004  -2.1194661306665259E-004
   3.4501757625858066E-004   2.5394892651064342E-004   2.5139639679395542E-004
   6.5201955632359379E-005   8.4674278895605946E-005  -2.2598882098026003E-004
   2.3883912078784005E-005   1.7276471803447082E-005  -2.3599886325626306E-004
  -4.7690265397893114E-004   6.6750627065840856E-004  -1.6129465000698365E-004
   3.0604321011183574E-004   3.7428467515541325E-004   2.0404152240058792E-004
   1.8374929946080501E-004  -7.7494925791262619E-004  -2.5954974109347688E-005
   1.1707274455076914E-004   1.5122907107084863E-004  -1.2214591333180129E-004
   5.8710357233718666E-005   1.0737057567358222E-004  -7.6141120286748635E-005
   2.5664747615701967E-004  -2.0481838222131146E-004  -2.0870375277867354E-004
  -8.1672510875671666E-004   8.9759992869918039E-004   1.5469122994134533E-004
   1.2138642713240992E-004  -6.9643942734752345E-004   1.7139028784798099E-005
  -6.5884861450937423E-004  -6.1711529004718213E-004   3.0009510349341897E-004
  -6.0545387022690859E-004  -5.9028368182174450E-004   6.3755800483845796E-005
  -6.4506386480033491E-005   3.5906898778178848E-004   1.7537479408108221E-005
  -3.8445234488286171E-005   6.1975950999401132E-004  -2.7913547977351249E-004
  -1.1067123369279312E-004  -4.4601909062131327E-004  -1.1840158687639126E-005
   4.0869369794696141E-004  -6.6437395045895059E-005  -2.4096585825321011E-004
  -1.0194675169254702E-004   3.3487506037102697E-004   1.3206468102465007E-004
   6.4794005320203144E-007   2.5423579770142185E-004  -5.9019001091986295E-005
  -2.3995855825389937E-003   9.9102258140659760E-004   9.7914659828719926E-004
   3.2581419272471731E-003   1.3958075340685030E-003   8.7990871863426060E-004
  -1.4277722795381905E-003  -6.5046887784862113E-004   9.5764510514286796E-004
   3.3789578589009652E-003   5.8594179468925438E-004   5.6732802731267943E-004
   2.0605737596746977E-003  -5.5891548627853480E-004   3.9201110700269094E-005
  -1.2044057125674562E-003   8.1240912648347695E-004   9.9855793033736429E-005
   1.4720980311888426E-003  -8.3365660454145498E-004  -8.4161628808591992E-004
   5.1312285036750034E-003  -6.8736243052562238E-004  -7.0886805050926580E-004
  -8.2517086878469356E-004   6.1073512361101839E-004  -1.5073536118985115E-004
  -1.5920838962473597E-004  -1.0129247691049812E-003   8.7511525340535972E-004
   1.2784380904956750E-003  -2.6353451681983969E-004   2.4049671597092795E-004
  -1.3421324374991214E-003   3.4564821035332866E-004   5.4970983269347678E-004
   6.2948774745371988E-004   7.4129007040019698E-004   1.1257204442496689E-003
   8.9523336634400705E-004   6.4278321964720674E-004  -3.0309811687391833E-004
