 C     6.0        -1.42020682381112        -2.49088058503931         0.09429025012926   12.00000000
 C     6.0         1.52599335188548        -2.27648718421060         0.07722766206764   12.00000000
 C     6.0        -1.36349009237494         2.39406460055918        -0.01542210829869   12.00000000
 C     6.0         1.39480201322051         2.29252406514753         0.09713269413514   12.00000000
 C     6.0        -2.69217562168731         0.01571591476985        -0.07641358063647   12.00000000
 C     6.0         2.99538102928221        -0.09193623417843        -0.08922851915802   12.00000000
 C     6.0        -1.60916457418324        -7.09468438856134        -0.11854379648982   12.00000000
 C     6.0         1.28797165046662        -7.03429519251701         0.03253579786056   12.00000000
 C     6.0        -1.35083177766601         7.07432926195241         0.03123932217962   12.00000000
 C     6.0         1.51038062551192         7.09041570448773        -0.07167127234320   12.00000000
 C     6.0        -2.93190202068994        -4.55196991752704        -0.06914520391190   12.00000000
 C     6.0         2.76076056087635        -4.67013967584549         0.17623342106557   12.00000000
 C     6.0        -2.83479139313367         4.63350645474371        -0.10855940773382   12.00000000
 C     6.0         2.74875080960375         4.61753816921257        -0.02836151745258   12.00000000
 C     6.0        -2.86021534929627        -9.63097917574717         0.10623141639311   12.00000000
 C     6.0         2.88573716959508        -9.46598089506290        -0.05165194624528   12.00000000
 C     6.0        -2.82322699107150         9.40760935926801        -0.08188285479602   12.00000000
 C     6.0         2.80365925568111         9.50213421593300         0.07643079117791   12.00000000
 C     6.0        -1.37880591863813       -11.91598100851460        -0.04244192148991   12.00000000
 C     6.0         1.34493855316531       -11.67240448653531        -0.11764744453879   12.00000000
 C     6.0        -1.57200948668767        11.87883089522741        -0.15328408592136   12.00000000
 C     6.0         1.38334669871109        11.78335043377314         0.13305763314070   12.00000000
 H     1.0        -4.70660067530460        -0.22175931872000        -0.12319385398489    1.00782504
 H     1.0         4.90509187274812        -0.07069941528945        -0.40713742108886    1.00782504
 H     1.0        -4.91590294386569        -4.44798263478382         0.02249595906106    1.00782504
 H     1.0         4.90541670338920        -4.54078829819341         0.53780374734748    1.00782504
 H     1.0        -4.72371218366424         4.73644297055238        -0.48243872016333    1.00782504
 H     1.0         5.29663943618269         4.99992212479005        -0.33463003481628    1.00782504
 H     1.0        -5.05806460724374        -9.47753560945333        -0.00848308425012    1.00782504
 H     1.0         4.69409862614910        -9.59711450525006         0.35253616240429    1.00782504
 H     1.0        -4.76755461644627         9.25018773620161         0.09005314357033    1.00782504
 H     1.0         4.74657119824963         9.01305158605940         0.03672570772097    1.00782504
 H     1.0        -2.30044016191670       -13.73457054139557        -0.30592458165083    1.00782504
 H     1.0         2.41945173130984       -13.33638215579670         0.03280110063800    1.00782504
 H     1.0        -2.29851451028232        14.02061291466016        -0.31880806375063    1.00782504
 H     1.0         2.46443865982893        13.26332912702442        -0.11226687166506    1.00782504
