  -5.7192696178028188E-004   2.4095071941175136E-005   1.6323678602562345E-004
  -2.4066043374048845E-004   1.8373458740812348E-004   9.0617586471220576E-005
   9.1120193472793011E-005  -2.4355737162345533E-004   2.1442460824932388E-004
   2.8700813509706662E-004  -8.3583277339862490E-005  -2.2040849928239895E-005
  -2.2683784457149672E-004  -8.2979732290824220E-004   1.4012367659775767E-004
   5.8162642144485321E-004  -2.7313937319339555E-004  -4.5027370043993436E-004
  -1.0662635845505571E-003  -4.3752956835470323E-004   3.9478780791883623E-004
   4.9087747864068614E-004   9.1804822932309012E-004   1.6320379424898370E-004
  -1.3014327101672273E-004  -3.3805764423912050E-004   1.1095351879581792E-004
   5.3015901477316955E-004   2.3445541999000510E-004   1.4154128516892441E-004
   7.3862359021437761E-005   2.1643988495826511E-004  -2.7905468364090532E-004
  -1.2041250801615461E-004  -5.6646825053780446E-004  -2.6176334521537737E-004
  -4.2542551059057297E-004   2.0497187080820500E-004  -8.4862991796823341E-005
  -3.7423097745393807E-005   2.5615284448814597E-004  -7.8017845656877134E-005
   3.6852137583776571E-005  -1.7722103081945864E-004   8.0290126459434618E-005
   2.5356693823327763E-004  -9.9895987403234563E-004  -2.7327680966165308E-004
  -5.5792468795937112E-004   6.3140256619445480E-004   2.2222804974314197E-005
   2.0184033521337003E-004   9.4288624659400583E-004   1.1629637390616747E-004
  -5.7635423800814239E-005   9.3392395793412255E-006   1.1028930211372541E-004
   2.6184401289021668E-004  -2.5774493652996861E-004  -2.5433388482574450E-004
   1.2514701267294929E-004   4.9872916085878446E-004  -1.8440481483175764E-004
   2.1998096976051269E-005   3.4091101626828051E-004  -2.1981849349622523E-005
  -2.6997050064072437E-004  -2.6160804629972488E-004  -1.4550691089606457E-003
   1.4157480488414525E-003   1.7623828627972501E-003   2.1365645031097297E-003
  -3.7037326371565398E-004  -1.5663392123903646E-003   1.3757330450132773E-003
   2.7509717146225561E-003   1.1612787331555313E-003   7.1658415126028417E-004
  -4.6697484513858346E-004  -4.1499690873623670E-004   8.9541607066600843E-004
   2.9153462272671071E-003  -3.0105959700417180E-004  -3.7513530214237272E-004
  -4.7632162237361205E-004  -3.5052826427799675E-004  -1.2519585101460483E-003
  -1.6623816972656427E-004   8.3655548661729616E-004   1.1772597398537943E-003
  -1.9761756939506879E-003  -1.4168553364503663E-003  -1.3003305134168871E-003
  -1.2181592285331320E-003   1.7341394230565972E-004  -2.2144218010750551E-003
  -2.3733522978969766E-003   1.3819951742381517E-003  -5.7020443837282138E-004
  -2.1334518692198287E-003   4.2488598052564289E-005   4.1730254504015481E-004
   1.0058874876360003E-004   1.0672081196959940E-003   1.3003554709782531E-003
   2.5247944631491947E-003  -4.9062412562894016E-003   6.5080237002934106E-004
