 C     6.0        -1.61217504945518        -2.36567639432821         0.03638380272276   12.00000000
 C     6.0         1.30023430061716        -2.35339193160587         0.02789834059070   12.00000000
 C     6.0        -1.49737894100789         2.28976403682958        -0.18811039851187   12.00000000
 C     6.0         1.48895099322163         2.36371279073064         0.05163649997301   12.00000000
 C     6.0        -2.87212569158886         0.05441273275573        -0.02297048435466   12.00000000
 C     6.0         2.70378826738697         0.01463237605669         0.11342581834449   12.00000000
 C     6.0        -1.48088399460311        -7.11857500485689         0.13154296896456   12.00000000
 C     6.0         1.36711507454066        -6.96703612740088        -0.10045062837326   12.00000000
 C     6.0        -1.41968878738639         7.00573724078283        -0.00040770209373   12.00000000
 C     6.0         1.39350033623171         7.15573800030757        -0.02015533898270   12.00000000
 C     6.0        -2.96023102407299        -4.70456944539920         0.13662836524860   12.00000000
 C     6.0         2.62742198026148        -4.68230308413191         0.04647476564742   12.00000000
 C     6.0        -2.80260214954262         4.64511051731613        -0.05870839917103   12.00000000
 C     6.0         2.90379604088909         4.74116119869606         0.01561737674648   12.00000000
 C     6.0        -2.95204828001230        -9.55245146764026         0.00569737803014   12.00000000
 C     6.0         2.69394514085020        -9.41017870656683        -0.35812153196330   12.00000000
 C     6.0        -2.67780111443520         9.33835861592463         0.00737694850729   12.00000000
 C     6.0         2.85205004454590         9.44652874513810         0.06555446849961   12.00000000
 C     6.0        -1.32858545644439       -11.77195763483955         0.22295176045164   12.00000000
 C     6.0         1.35262663276562       -11.82572260650010        -0.07625498663368   12.00000000
 C     6.0        -1.47788122584663        11.68586178724334         0.03571955320739   12.00000000
 C     6.0         1.48916645915773        11.79963179702011        -0.16934458499404   12.00000000
 H     1.0        -4.98559701536355         0.08754020579815        -0.09553050255473    1.00782504
 H     1.0         4.61449156284314        -0.00619966027219        -0.19847826231996    1.00782504
 H     1.0        -4.91675065523161        -4.65990810443343        -0.64148351439864    1.00782504
 H     1.0         4.59589987616022        -4.75308115692124        -0.11105246929308    1.00782504
 H     1.0        -4.58363828206560         4.69988860187428        -0.08693060526680    1.00782504
 H     1.0         4.75691208191108         5.01451427072672         0.61733352094435    1.00782504
 H     1.0        -5.06488300531654        -9.48516372389239         0.17307536409021    1.00782504
 H     1.0         4.75194349103499        -9.19388153757239        -0.56650417259690    1.00782504
 H     1.0        -4.58247044220883         9.08699952222691         0.26918162853171    1.00782504
 H     1.0         4.78362461401707         9.42231489943451         0.07452645185148    1.00782504
 H     1.0        -2.23464402225753       -13.44632666905270         0.30683464650748    1.00782504
 H     1.0         1.83947295293946       -13.74480738692411        -0.52608692116843    1.00782504
 H     1.0        -2.76717945309114        13.74907462811016        -0.13574179046382    1.00782504
 H     1.0         2.58630066588670        13.84549634918385        -0.46726046642327    1.00782504
