   2.8824460096904498E-004   1.6818587636037869E-004  -9.8769668103916614E-006
  -2.0120508351145137E-004  -1.7569261545305657E-005   3.7380572344770897E-004
  -2.1367067504006053E-004   8.9777253007418352E-005  -1.3075812569865324E-005
   1.9724481350005506E-004   4.6634229404658229E-004  -3.7606422326152321E-004
  -5.7562775261745490E-004  -5.9759118871290583E-004  -1.1192399096831775E-004
   3.6464258776953675E-004   1.6945596443225541E-004   1.2651860958323653E-004
   4.6033548569927868E-004   5.7871875665274600E-005   3.6341721520895124E-004
  -8.8684525438839350E-005  -4.4845483494788290E-004  -2.3359185400565256E-005
  -3.5982944566429555E-004  -3.4781236044450987E-004  -3.9517040194859669E-005
   3.4239765232793487E-004   6.2789431319280962E-005  -3.4377553611024956E-004
  -3.8827120136171884E-004  -7.7683761502630468E-004  -3.6656926627423602E-004
   2.8607086220386536E-004   1.1323706423175095E-004  -1.6524417756127571E-004
  -1.0652283498463576E-004   4.6400751141685238E-005   1.1154998776389485E-004
  -2.9199671525691575E-004   3.1768482119226462E-004   2.5085138923839690E-004
  -1.8975632024298975E-004   9.5971998034507448E-006  -1.6682290930461068E-004
  -5.5498519027629746E-004  -5.7156575684304896E-004   4.9613362432800244E-005
  -4.2167276026545974E-004  -1.7907106871960265E-004  -5.4258704291593566E-005
   3.0829553538667275E-004   4.3981131903162097E-005  -9.4831969171981927E-005
   2.7500051607160062E-004   3.5966671468552798E-005  -2.7038802467486934E-004
   1.2196705014265811E-004   4.1667287955472320E-004  -3.5930240174171671E-005
   6.7636617319759328E-004  -2.1676377714622056E-004  -4.6692594946022778E-006
   2.2386524442560390E-004   2.2552940491849405E-004   3.1253538955473424E-004
   7.6406782809794428E-004   2.5222661280197917E-004  -3.3766823318044366E-004
  -1.6118035067552835E-003   2.1148774013151671E-004   3.1798283229788059E-004
   7.3942874442699139E-004   1.2683507766032879E-003  -3.9734937298809469E-004
  -2.5305811510565324E-003  -8.4146854865262913E-004   4.9144726984938207E-005
   1.5461548572278277E-003   4.3679760424105254E-004  -1.2953739612567392E-003
  -3.0785690204894581E-004   4.7540118498362827E-004  -6.9594785005841595E-004
  -3.7309607735577328E-003  -1.1695690936086383E-004   2.2754338104717369E-003
   8.5920146533025195E-004  -4.7665039106577461E-004   1.5754294639234560E-003
   1.7608726788291651E-003   5.0200283976914635E-004  -2.8809162106915051E-004
  -2.6661776253524417E-003  -2.6650552283807717E-006   4.3002679039773984E-004
   1.9040127903105961E-003   1.9882262084459021E-003   1.2281291618074442E-005
  -3.9266185053099827E-004  -1.1095742631635265E-003   2.1619332753808733E-004
  -2.6017872372965946E-003   3.3748447722333264E-003  -6.8401082303617825E-004
   1.1036315888333643E-003   1.9134545178428146E-003  -1.3012298750186479E-003
