 C     6.0        -1.39071537898590        -2.33639295562156         0.02977225990464   12.00000000
 C     6.0         1.48327650757574        -2.26600835828704        -0.04794914176380   12.00000000
 C     6.0        -1.51678395414004         2.28891017549330        -0.00267188045728   12.00000000
 C     6.0         1.42956564017081         2.40214740305376         0.05638741026086   12.00000000
 C     6.0        -2.97585415386383        -0.03175030863787        -0.09678045975975   12.00000000
 C     6.0         2.90179312803691         0.03438099547996         0.07638806953047   12.00000000
 C     6.0        -1.34606679699266        -7.06468615087264         0.02662736720758   12.00000000
 C     6.0         1.42885371904064        -7.07079714585218        -0.13264051232799   12.00000000
 C     6.0        -1.51324333663465         7.04941772923574         0.11465791305995   12.00000000
 C     6.0         1.34437589558875         7.14380491242831        -0.12803411073571   12.00000000
 C     6.0        -2.65013012145093        -4.78852440013725         0.00831426179191   12.00000000
 C     6.0         2.86794511953622        -4.77960589651015        -0.03500953346927   12.00000000
 C     6.0        -2.79819183980423         4.72992028840775         0.10188460655195   12.00000000
 C     6.0         2.89699910595943         4.70665935799378        -0.04578859786849   12.00000000
 C     6.0        -2.77580362222870        -9.37606730950122        -0.06666906552925   12.00000000
 C     6.0         2.90502422002055        -9.40944251258082         0.09351423364011   12.00000000
 C     6.0        -2.77358077242718         9.42518360838221        -0.08016905564437   12.00000000
 C     6.0         2.83137654110873         9.36885913174344        -0.01136076228708   12.00000000
 C     6.0        -1.39376084843890       -11.82552196236673         0.00645610404038   12.00000000
 C     6.0         1.31493215851254       -11.83812149200333         0.10999629133895   12.00000000
 C     6.0        -1.37730277229824        11.86885573900987         0.04808492790502   12.00000000
 C     6.0         1.38334326957108        11.79863177917122        -0.01130490469891   12.00000000
 H     1.0        -4.81681863443223        -0.25956755514677        -0.81854234746390    1.00782504
 H     1.0         4.86117876938018         0.03986936376460        -0.57830032390273    1.00782504
 H     1.0        -4.65894387206876        -4.72667342393261         0.28225687975815    1.00782504
 H     1.0         4.72930676752914        -4.88936763685162        -0.18637042792404    1.00782504
 H     1.0        -4.72133888862069         4.51254073145227         0.03983598311794    1.00782504
 H     1.0         4.78359252719725         4.49440919188779        -0.25267458830275    1.00782504
 H     1.0        -5.02200053945993        -9.16098643455720        -0.06988468970967    1.00782504
 H     1.0         4.87907340338264        -9.92899909144464        -0.31632447383510    1.00782504
 H     1.0        -4.95159681658224         9.27933741820449        -0.25468131121844    1.00782504
 H     1.0         4.82651406735586         9.35416935294204         0.03860365785439    1.00782504
 H     1.0        -2.08999876684671       -13.77635544417353        -0.42781633585620    1.00782504
 H     1.0         2.61715282354759       -13.62657591724059         0.09914011758505    1.00782504
 H     1.0        -2.49937980169030        13.49766759496770         0.42814947583265    1.00782504
 H     1.0         2.25808891232121        13.54916783006782         0.31774276086353    1.00782504
