  -4.4455676616188033E-004   1.4106499320329352E-004   1.6626810976241114E-004
   3.4534620290274453E-004   2.1266019824333181E-004   3.1224455114880605E-004
   6.5912331297251733E-005  -4.2238174009017257E-004  -2.2142755826126863E-004
   1.9283416345944871E-004  -1.5036217905220773E-004   3.8781662867224911E-004
  -2.1812928322590124E-004  -3.1879431277581936E-004  -2.4492754722398101E-004
   5.4986368943318203E-004  -9.0665534624763568E-005  -2.3548369933451037E-004
  -5.5783737411874764E-004   7.0940699693630829E-005   1.7374299812888323E-004
   5.7860991476517290E-004  -3.4876262778111818E-004  -8.6442351285298386E-005
  -2.1140826091845910E-004  -3.5710750477062786E-004   1.7019086587003460E-004
  -1.1810820566020741E-004   2.5048784527119687E-004   2.5776059027614876E-004
  -8.1965124581658130E-004   3.4636992906641372E-005   1.7426403577753069E-004
   2.7695923800727981E-004   6.4232669100062592E-005   4.3394241402621598E-005
  -6.3186522708577641E-004   1.3584105581555515E-003  -6.7456090451413316E-006
   3.9660779462009313E-004   3.4445365653237160E-005  -2.6902855465007417E-004
  -2.0461112177652841E-005  -7.8015685240042623E-004  -1.2604463931646935E-004
   3.4536373496985094E-004  -1.0820857612994442E-004   7.3814180538082634E-005
   7.4713876569022528E-005   3.3089158412651396E-004   4.5016484610804865E-006
   1.6207439086095372E-004   3.1061473506744600E-004   3.0630574375035615E-005
  -1.9273584363408580E-004  -2.8173899018078884E-004  -3.0469290619064478E-004
   2.4912508912620170E-004  -7.1779716893071523E-005   4.3536428855958453E-004
   1.7621740823130642E-004  -5.7780387875831763E-004  -5.0679204199805645E-005
   4.0123975035974569E-005   8.0003746249983397E-004   2.5012532220932158E-005
  -1.3649098732211945E-004   1.2695016775153690E-003   1.0438677386725847E-003
  -1.6471430698213453E-003   1.3521364995537405E-003  -4.9607831582453997E-004
   8.9195949554919446E-004   1.4177938771742258E-005  -7.3945688335780248E-004
  -8.8374602174850006E-004  -1.3205996434460150E-003  -3.8216984985871901E-004
   1.2764551654528154E-003  -1.4964266941186110E-003   5.9671625537876963E-004
   9.8140508431862313E-004   3.3791804742352527E-004   3.3304765586925935E-004
   1.0690124909933901E-003   2.5554761139047230E-003  -4.5256384015229930E-004
  -3.0658570371446176E-003  -3.9270597601808881E-005  -1.0108847102125165E-003
  -2.1934513143952840E-003   6.6707402736541606E-004  -4.3434171117826611E-004
   1.1160459375316974E-003   1.0674320930568906E-003   1.2834874844896320E-003
   1.1680459243488713E-003   1.5293978405375229E-003  -3.8403232040111235E-004
  -1.2888478634699697E-004   1.2269753047873008E-003  -1.4229162569607748E-004
  -4.3863169574624781E-004   4.2588234746184471E-004   9.7903873757822940E-004
  -9.9695252692804520E-004  -2.9245067306652352E-003  -2.2199771815451315E-003
